473
195
201
376
191
125
89
5
409
460
420
277
123
317
489
195
111
396
493
425
425
207
63
395
85
192
338
456
158
452
78
295
124
446
349
162
437
464
305
287
310
158
370
253
477
146
10
38
279
85
493
15
54
341
235
244
332
54
117
150
31
126
491
175
350
333
309
6
142
254
169
416
455
350
305
327
42
295
271
169
455
80
446
273
168
60
45
158
268
204
254
189
318
447
7
42
70
93
280
30
326
419
346
461
163
51
373
379
23
36
66
269
71
194
140
413
174
28
260
206
301
194
269
263
51
309
250
479
28
470
435
192
397
296
190
285
302
362
449
424
120
377
358
312
156
470
260
276
274
221
158
183
87
395
127
61
441
26
60
399
220
3
177
434
254
495
318
404
436
271
350
236
9
7
463
301
73
470
58
231
122
52
330
430
311
24
356
143
481
141
113
53
71
329
423
417
230
478
370
175
214
101
280
33
465
240
305
261
478
455
365
20
207
148
488
333
488
329
187
137
251
346
212
365
363
295
208
377
245
24
439
77
79
297
449
333
14
374
220
430
239
424
141
196
409
465
436
215
98
417
316
407
418
346
211
388
219
479
317
242
467
5
171
478
484
351
344
198
478
152
428
152
185
443
251
291
48
387
57
321
73
361
276
373
40
227
45
425
288
479
441
104
280
57
263
219
367
234
99
149
410
490
497
398
239
73
443
369
283
66
473
42
486
32
371
343
423
447
434
229
88
355
305
335
403
165
220
43
138
11
470
235
105
112
439
416
462
117
388
485
411
363
43
299
72
475
244
252
420
157
15
139
50
49
61
115
377
87
240
371
272
397
178
146
17
183
130
351
216
380
391
65
48
264
467
462
364
490
48
494
339
329
430
147
154
346
224
491
494
293
433
214
118
465
283
111
400
17
382
230
131
422
303
332
6
499
157
66
360
329
390
95
43
427
208
166
245
465
362
261
93
197
265
433
151
443
288
422
283
236
79
481
467
318
89
121
224
331
317
124
106
491
291
136
266
23
189
199
221
48
176
287
160
149
322
487
307
47
481
146
357
31
1
21
494
253
80
377
432
68
147
247
101
317
67
426
494
110
293
239
453
224
386
234
281
73
410
64
266
372
187
13
264
450
493
166
46
339
305
401
156
382
495
376
378
310
220
39
148
410
340
65
230
173
159
479
1
411
327
225
385
263
182
386
58
425
297
2
426
451
416
75
393
137
449
358
299
388
209
400
16
277
359
453
186
306
496
192
56
324
360
365
359
91
93
24
276
465
34
16
454
54
392
180
86
106
210
281
83
208
268
205
329
14
296
492
104
368
152
126
277
129
60
289
128
253
281
64
218
220
160
445
243
76
437
56
193
412
12
66
151
137
113
146
340
245
220
269
100
330
428
325
290
65
201
304
104
393
145
395
200
32
364
103
272
88
60
239
296
30
332
48
136
137
57
366
261
286
423
261
382
265
327
465
41
83
406
426
492
435
414
103
5
460
276
37
365
131
289
245
12
278
178
436
235
149
88
275
240
470
254
331
287
273
102
437
199
318
298
220
191
342
471
117
10
459
197
336
278
137
71
49
149
167
35
405
151
232
217
52
237
135
371
339
246
70
408
171
199
179
143
77
237
482
441
361
119
120
320
95
116
405
70
141
430
290
429
455
45
63
52
492
67
467
416
382
292
299
494
418
307
471
204
282
419
277
183
67
112
116
463
155
450
180
331
416
109
105
449
167
124
290
230
401
419
217
155
44
415
429
407
185
473
415
373
386
336
153
138
195
193
356
424
279
64
370
450
221
28
90
144
364
184
388
219
77
1
237
250
171
133
3
124
26
266
197
150
109
192
323
378
453
229
401
73
231
311
422
410
225
316
272
220
235
145
230
482
409
105
47
475
201
258
402
161
263
430
255
111
88
123
330
6
388
377
442
72
444
34
49
76
193
232
402
18
451
35
448
72
429
154
303
492
394
408
366
197
337
88
340
248
258
146
215
434
118
229
75
275
45
457
291
459
415
462
19
339
484
119
66
432
13
226
470
311
489
105
46
184
32
118
240
241
144
272
42
431
237
125
244
128
275
232
447
272
72
448
100
449
203
380
223
315
469
87
166
494
458
172
79
319
172
50
364
398
373
317
98
305
315
80
293
434
205
176
238
14
100
359
302
134
439
95
371
224
473
230
241
268
30
445
373
442
405
221
10
435
245
434
16
323
10
416
430
352
403
384
35
366
115
23
458
180
337
499
360
324
5
50
314
60
12
181
211
468
195
338
360
312
233
390
360
45
239
55
76
204
198
352
120
483
308
84
34
113
136
211
136
355
168
77
81
160
297
63
54
173
14
479
148
77
32
425
373
4
2
341
365
421
385
181
358
210
161
313
252
456
272
202
247
327
216
217
407
139
439
283
118
327
129
134
468
98
47
447
308
56
367
360
463
11
445
466
172
159
401
163
291
240
26
153
259
139
159
127
118
461
441
498
299
431
2
260
439
63
221
397
117
116
62
418
213
393
385
443
48
241
299
10
135
47
78
114
53
385
291
155
352
185
101
2
432
187
331
489
118
164
210
434
147
13
223
260
195
321
114
356
363
308
309
454
249
400
110
68
168
113
66
16
23
173
167
361
137
343
138
249
275
253
495
402
39
38
194
254
434
78
122
190
49
469
33
290
259
230
28
232
214
280
233
83
221
384
59
291
443
354
125
175
416
127
184
193
253
468
242
496
64
412
52
160
453
48
244
300
363
347
220
104
108
382
396
221
281
10
238
30
422
473
317
156
347
336
311
480
296
114
237
370
471
267
233
182
11
220
270
114
236
286
377
322
410
290
379
415
207
279
352
492
178
368
458
148
362
277
222
50
141
457
309
319
362
319
483
397
57
497
207
288
222
203
271
97
319
81
194
460
148
275
323
284
198
2
112
383
120
307
261
160
135
105
352
96
481
72
98
168
289
37
167
104
121
354
31
218
320
194
29
95
454
430
278
475
431
195
211
404
121
280
227
24
68
37
296
293
296
18
5
83
236
497
222
328
457
467
428
432
445
253
359
235
151
180
382
416
409
464
7
89
402
269
404
108
446
29
430
277
83
393
80
190
413
263
236
414
50
201
54
187
221
164
434
109
338
109
105
11
187
20
120
84
57
463
353
179
209
250
478
450
226
461
12
438
493
31
373
136
69
446
474
459
353
400
65
497
207
293
131
452
2
460
397
198
400
332
161
14
454
295
292
494
174
22
364
422
412
108
216
482
365
313
116
197
232
8
255
358
30
132
482
139
130
112
112
2
478
282
129
72
309
250
48
118
54
376
76
322
429
415
455
134
70
302
210
480
367
270
137
325
167
234
457
385
166
367
171
386
247
175
356
469
10
424
238
30
93
491
481
386
1
456
268
134
160
129
15
112
70
234
428
287
455
492
169
21
271
138
316
468
143
289
150
477
164
235
149
253
369
332
291
231
120
397
96
63
75
335
444
133
245
377
414
166
0
208
264
424
52
72
33
409
454
87
248
413
104
499
307
476
22
297
120
468
394
161
56
197
475
162
159
244
27
414
296
74
268
103
422
476
398
357
163
249
296
328
317
200
445
307
474
91
282
211
467
241
390
22
30
112
125
111
359
464
45
438
2
381
458
149
398
395
189
103
350
471
2
298
401
342
272
456
8
26
415
478
273
423
256
76
115
387
191
2
65
57
10
221
44
205
194
59
196
309
85
467
314
8
239
124
353
439
29
469
419
453
447
195
212
89
366
108
387
143
303
339
388
432
191
46
49
407
192
455
181
324
177
447
155
321
211
345
225
336
147
323
104
47
280
464
183
247
290
430
373
344
132
466
9
452
124
429
263
223
33
458
116
226
198
59
457
155
34
95
72
164
328
305
208
274
49
22
455
494
188
181
499
358
178
4
255
245
296
387
129
448
135
249
53
102
35
211
315
497
24
25
182
443
237
184
373
164
438
474
355
68
325
25
436
453
285
335
146
347
53
260
62
328
468
190
93
137
29
493
91
194
405
383
11
210
293
475
167
233
415
38
344
247
221
31
167
196
302
320
171
159
8
99
439
193
107
231
287
297
260
144
471
457
390
393
100
124
42
131
156
487
65
244
473
487
116
243
426
440
232
60
45
236
464
20
49
456
400
326
176
244
4
386
449
7
30
134
289
125
129
103
31
56
434
186
390
382
105
324
431
413
122
345
297
430
67
345
370
333
111
473
207
409
108
239
271
440
220
284
61
161
65
460
152
281
388
50
48
402
461
359
299
79
242
89
334
90
253
123
171
51
76
430
196
317
16
304
270
479
50
446
152
149
323
246
442
74
326
378
250
26
328
371
218
273
159
310
428
235
12
13
116
67
156
91
468
131
122
29
426
214
207
436
174
284
459
4
343
279
352
108
461
67
229
185
421
109
385
194
352
349
442
440
117
25
157
38
35
15
412
81
139
103
288
30
208
122
128
10
173
499
50
259
396
487
9
376
293
393
93
203
170
0
472
359
418
133
245
69
455
445
243
260
89
231
199
496
150
252
451
298
349
0
285
330
23
292
400
453
233
113
41
119
124
189
333
404
443
151
263
383
295
426
462
479
28
329
338
90
103
345
416
497
12
404
291
359
311
46
353
331
24
255
115
76
148
151
46
27
263
390
171
51
496
9
158
466
28
287
340
152
99
153
74
181
300
207
90
437
307
383
113
483
422
121
386
436
94
446
143
389
92
344
270
195
4
366
407
388
273
243
309
499
475
124
390
150
154
223
245
75
396
361
143
85
210
84
286
153
365
115
419
277
40
26
70
46
470
17
88
258
270
354
29
377
74
315
212
199
446
54
444
295
421
55
240
244
110
396
287
221
105
209
223
436
293
175
125
164
299
407
314
107
33
200
244
255
460
33
63
113
7
470
483
408
487
90
280
60
268
481
117
167
231
40
66
70
417
470
389
189
258
79
165
36
456
269
478
433
402
18
152
227
63
100
458
414
273
360
259
434
290
31
409
179
278
452
422
402
13
446
376
357
4
333
444
124
240
268
220
339
67
150
494
202
225
95
10
205
435
59
248
298
198
81
254
232
298
126
397
172
373
416
29
475
172
90
336
144
417
182
349
390
344
398
15
289
244
42
497
437
169
318
440
39
401
448
79
492
312
33
187
373
421
168
16
1
306
49
137
319
291
487
316
88
112
497
445
253
70
288
153
486
249
118
234
257
479
200
378
66
363
129
78
329
405
10
486
498
375
78
478
14
150
279
35
246
308
76
424
361
213
54
73
332
444
370
251
122
28
320
274
34
280
422
343
127
277
405
313
494
234
470
444
361
114
245
370
333
67
489
381
214
274
68
241
251
200
42
459
183
68
374
72
184
334
201
205
376
28
10
351
149
48
127
363
442
107
107
223
291
477
474
112
180
461
49
337
303
100
386
429
406
415
156
458
76
14
137
18
71
160
229
407
243
176
291
46
456
93
159
379
398
411
102
161
2
490
387
430
184
493
391
174
471
172
143
486
442
195
423
11
289
103
390
245
237
222
230
354
353
307
414
255
384
204
294
323
292
221
288
246
394
150
40
146
453
429
335
298
286
165
205
152
489
483
349
57
1
383
466
262
349
51
215
290
303
268
153
267
287
62
69
443
45
140
149
225
413
368
43
340
116
105
225
96
440
274
121
343
216
326
181
199
362
159
396
104
193
312
191
480
7
481
106
284
97
381
251
110
451
51
169
71
412
474
250
452
401
357
183
100
198
352
90
237
157
409
443
201
252
232
488
112
123
62
234
281
234
360
164
165
1
52
179
459
154
244
397
163
449
117
59
22
279
196
18
200
252
283
25
121
62
314
333
268
176
392
19
246
465
131
470
260
30
216
22
109
398
152
157
466
483
376
113
187
435
262
111
479
447
434
174
401
457
265
445
395
349
477
247
487
64
282
205
1
236
379
389
147
44
330
126
189
228
495
296
414
3
443
383
27
421
6
65
183
256
390
496
87
3
295
162
289
392
373
159
432
179
185
82
231
96
273
216
420
344
393
286
271
197
478
133
423
231
131
275
437
338
259
102
433
301
276
482
423
202
109
222
423
252
98
91
456
94
485
179
222
306
236
425
486
222
88
494
161
232
273
168
414
21
224
352
196
60
414
166
444
168
266
449
196
327
98
65
54
59
438
412
459
286
43
429
352
423
164
357
186
37
168
260
474
340
207
177
249
135
270
397
170
267
406
437
75
307
109
28
273
457
285
478
373
137
369
212
367
450
363
126
497
81
315
327
5
343
215
445
144
123
148
432
141
172
411
481
78
336
74
71
413
425
182
358
318
151
452
96
45
141
367
205
212
373
328
80
96
453
45
101
173
63
356
211
375
45
385
277
231
136
471
28
379
252
103
451
351
219
326
43
193
278
259
403
348
372
126
89
265
32
287
284
143
104
298
225
337
248
135
261
430
416
2
241
145
336
219
141
235
494
265
355
211
215
144
183
108
419
376
208
486
395
333
182
454
57
53
59
472
107
217
490
60
206
289
431
301
6
475
428
275
19
39
64
219
470
305
17
77
166
303
278
170
418
277
215
320
119
383
482
131
136
368
214
37
234
146
397
278
199
77
140
295
475
389
336
141
301
79
346
247
112
127
14
1
65
34
416
487
354
367
207
166
257
443
148
341
459
98
77
140
253
177
418
330
5
375
453
86
134
196
136
277
477
169
201
123
148
65
84
476
301
80
69
101
260
247
161
395
150
277
85
487
426
362
257
469
342
249
420
160
327
83
462
93
474
343
268
228
103
224
323
98
184
352
411
168
276
311
139
160
178
19
206
268
108
156
494
256
13
375
497
253
399
249
449
24
343
469
85
444
406
231
226
342
76
237
72
499
96
175
5
404
416
496
480
169
173
167
144
334
51
356
108
488
421
333
419
477
119
269
96
88
209
233
28
56
161
300
213
351
130
64
255
390
56
24
270
12
171
489
127
28
247
342
72
349
351
300
450
194
55
170
395
103
448
326
357
479
214
465
78
34
229
302
277
63
28
187
250
368
456
467
403
438
334
36
266
425
160
357
265
195
346
212
456
13
339
191
417
20
424
188
190
274
156
347
100
70
499
264
102
181
451
247
196
27
120
53
254
374
95
276
257
374
196
446
472
174
86
447
245
62
278
37
491
158
337
349
355
248
399
477
143
23
363
404
463
488
475
114
496
278
374
182
180
257
339
250
363
74
90
34
12
131
201
128
311
106
243
224
207
149
352
108
161
386
326
407
115
189
334
192
379
75
164
90
477
264
148
130
12
250
401
181
366
289
496
413
87
491
246
67
383
325
383
406
227
223
291
447
489
101
167
85
385
223
429
360
192
357
218
131
93
284
124
83
39
488
188
139
354
271
130
314
6
99
400
496
378
372
298
60
455
497
383
474
16
125
249
421
290
266
206
494
224
426
47
5
456
302
188
496
150
136
215
49
403
152
334
8
302
127
90
63
483
257
369
267
457
169
352
385
30
211
171
317
442
455
235
478
72
361
433
38
209
249
473
174
143
387
150
59
119
183
329
444
44
368
325
352
459
320
86
287
496
202
59
17
191
239
202
351
48
69
14
394
112
318
276
346
108
225
99
465
57
396
426
345
27
483
264
385
252
180
231
331
68
189
386
45
194
470
481
118
242
339
280
421
59
251
172
459
157
158
105
42
459
406
477
416
271
1
406
221
30
135
419
201
271
84
377
143
204
216
489
494
28
431
375
205
366
188
201
12
111
193
46
257
358
30
190
9
92
228
114
462
450
312
78
118
340
280
43
262
354
470
244
481
293
373
42
487
392
437
147
94
64
323
247
96
470
462
445
279
354
109
193
302
336
103
356
222
39
105
321
374
249
46
192
483
22
300
333
39
410
323
254
300
402
44
443
294
495
140
294
250
178
163
238
279
423
324
345
312
121
207
387
246
48
446
427
492
122
301
265
441
440
177
454
499
236
236
403
82
417
135
297
167
475
480
186
411
5
135
249
136
257
337
456
196
361
305
471
497
217
495
342
133
306
58
95
17
303
482
454
341
31
447
206
13
137
49
284
331
184
285
408
258
59
304
189
270
86
455
390
5
355
211
119
194
195
380
385
433
138
194
74
132
178
424
337
341
72
381
429
72
69
224
43
419
459
287
133
57
85
96
490
269
365
157
136
14
145
127
393
61
301
438
195
169
370
431
66
226
133
250
185
224
19
402
224
123
438
64
32
461
422
241
330
256
422
41
299
91
322
441
149
197
84
92
70
385
159
458
89
460
447
413
239
372
408
406
364
365
463
185
120
66
359
104
365
155
490
258
249
267
123
239
218
97
120
32
350
320
48
467
398
132
198
273
359
395
154
64
227
441
130
142
418
116
98
159
477
421
101
365
181
436
403
298
461
262
211
448
312
470
442
21
466
457
87
364
490
83
182
172
50
156
496
208
125
287
300
317
413
378
64
97
60
135
392
273
76
164
88
206
312
263
361
376
403
20
165
167
144
135
468
87
407
237
332
427
18
55
437
442
212
287
362
379
201
392
384
32
232
333
4
378
349
414
173
84
14
320
388
405
24
454
340
203
468
320
370
134
44
24
265
494
364
335
187
379
245
463
48
323
418
375
29
58
471
193
186
309
491
469
396
31
410
94
129
430
47
142
450
167
105
405
251
242
384
339
52
52
295
188
288
274
396
6
234
216
272
155
183
215
3
344
158
273
311
449
316
271
309
334
85
207
401
88
305
12
460
162
88
440
209
11
271
194
164
257
307
340
221
175
41
215
404
496
193
386
135
273
137
30
363
245
406
417
73
23
217
162
448
104
243
188
139
192
223
273
324
116
277
484
24
418
308
84
308
354
69
471
277
68
332
91
148
398
233
459
32
147
499
323
24
158
33
295
242
387
26
57
22
424
395
141
181
249
364
290
477
497
107
268
26
451
188
226
71
386
342
346
251
417
49
35
168
119
63
255
118
179
93
369
68
56
413
306
123
114
80
189
468
165
430
445
141
466
155
200
494
159
426
293
498
135
293
306
380
384
248
248
190
278
135
301
148
329
387
145
431
98
265
433
266
47
410
13
231
349
283
475
199
328
216
245
212
434
464
480
468
44
308
420
498
254
370
197
456
262
226
207
104
129
71
246
141
186
459
308
175
284
333
425
180
222
413
390
441
362
58
314
364
260
204
357
135
208
456
14
234
436
193
84
99
447
74
117
11
431
382
28
86
198
320
361
184
176
15
271
178
158
475
302
68
450
247
351
261
476
278
378
361
149
80
83
216
303
262
245
443
57
294
327
112
109
22
495
2
399
144
317
475
400
495
402
360
337
213
416
187
151
16
211
197
176
188
81
269
495
214
17
176
116
123
161
387
412
181
168
356
277
135
280
331
479
469
169
308
22
166
486
358
311
93
248
413
166
436
141
41
350
263
95
316
221
234
488
74
222
450
390
221
77
421
499
363
134
18
383
432
371
339
157
341
104
179
89
291
449
320
224
414
231
125
59
477
51
54
334
335
88
349
475
161
112
277
391
38
455
238
444
108
464
187
95
216
336
356
482
358
425
408
494
460
352
48
71
109
95
311
451
218
31
69
161
380
261
411
60
285
352
300
49
389
216
222
450
441
126
53
39
14
17
33
87
104
155
171
16
267
168
345
44
16
101
19
202
465
465
123
149
427
63
30
488
117
319
448
138
122
410
437
189
35
317
58
14
210
157
16
187
415
463
233
189
81
251
287
221
426
263
194
171
493
326
166
139
293
30
110
20
163
195
422
262
209
266
307
324
325
210
181
295
477
263
6
422
120
481
85
86
362
155
342
2
498
90
253
461
493
408
43
452
245
51
282
264
56
211
273
360
258
258
435
0
264
320
312
74
246
55
409
78
357
362
494
165
251
191
363
390
446
385
304
94
115
216
238
366
384
76
258
19
120
333
177
446
270
63
283
258
410
384
86
491
395
15
479
157
372
353
351
298
494
230
175
165
146
95
2
308
21
262
380
309
335
99
333
73
406
39
436
378
276
482
282
3
328
27
103
206
464
331
190
437
183
155
474
178
329
448
230
154
291
468
243
406
265
412
301
178
128
80
130
177
354
340
407
61
240
205
17
219
371
63
184
100
467
114
325
229
37
239
441
9
110
379
413
105
11
336
78
303
416
499
174
0
97
117
413
149
307
397
437
225
142
252
281
78
215
49
230
25
38
296
308
495
474
142
188
438
296
102
160
346
266
468
22
254
424
407
458
467
258
420
116
275
245
425
81
170
112
204
323
455
459
71
243
382
31
98
340
463
321
80
130
358
298
317
420
236
452
268
148
131
363
181
377
327
415
228
219
198
313
18
351
354
157
64
410
137
173
246
375
434
265
20
425
287
284
284
303
158
252
81
201
366
439
69
240
267
480
475
41
377
209
375
398
463
107
347
240
72
84
130
355
191
278
259
149
121
32
357
180
276
18
318
50
26
194
259
461
251
205
299
89
124
74
72
141
378
69
307
227
103
493
295
239
228
184
86
418
40
282
235
478
333
402
187
94
489
452
415
69
228
350
204
203
185
498
104
279
99
92
86
253
174
286
268
87
131
472
263
276
309
34
282
277
254
277
140
312
426
450
366
351
138
326
62
213
110
323
360
228
53
288
26
19
186
332
61
32
341
401
131
470
246
221
351
285
186
202
13
203
73
98
79
7
5
198
373
45
77
436
207
208
201
448
284
96
270
107
199
417
245
316
10
62
497
345
189
126
166
366
66
312
258
25
411
290
224
333
169
140
216
208
205
0
482
25
193
226
405
232
22
394
144
333
419
278
397
303
17
465
374
45
415
119
310
232
449
362
316
456
162
318
154
45
327
319
253
6
279
355
105
221
144
3
33
119
216
222
6
151
446
69
454
126
67
499
75
57
334
297
188
90
408
151
184
178
264
229
234
64
303
400
142
480
420
41
18
255
136
460
465
386
420
47
129
246
36
186
119
397
117
87
125
164
306
402
456
55
169
83
424
431
133
121
10
119
291
227
301
388
310
154
104
302
36
354
87
8
164
422
493
305
6
254
415
98
470
360
220
404
445
220
384
362
249
197
362
76
391
309
138
414
284
365
329
164
493
10
366
352
236
360
221
483
1
224
53
458
18
89
66
369
232
360
390
69
30
238
251
33
51
152
187
250
56
453
362
321
428
107
480
360
133
283
155
153
156
325
165
139
4
17
164
173
127
423
249
149
82
78
24
368
444
427
50
444
331
418
413
463
60
377
430
497
285
201
471
270
224
179
68
267
58
260
261
470
241
358
199
365
432
14
328
27
285
86
223
119
441
51
241
224
297
441
43
418
273
208
350
281
55
12
269
378
317
373
137
399
463
60
49
98
415
29
234
44
19
29
91
352
455
302
107
6
136
114
136
232
313
297
18
204
404
43
258
417
125
81
48
92
352
377
270
332
48
49
103
389
325
461
78
138
238
469
269
415
368
249
477
450
349
64
37
45
452
204
71
276
198
248
435
333
476
298
428
158
268
92
124
92
292
145
36
54
301
113
17
65
198
97
489
185
128
9
18
238
42
484
14
418
200
66
381
274
292
482
491
285
473
307
410
456
318
33
344
432
67
329
97
290
109
186
301
128
236
51
309
158
251
110
245
176
442
42
113
196
75
457
477
392
328
350
339
357
446
202
247
247
152
90
215
372
178
424
197
241
403
343
59
77
162
46
221
481
166
446
425
265
266
271
80
47
273
232
125
474
189
327
456
115
315
177
210
345
451
179
320
404
483
461
38
446
7
477
313
342
351
12
484
66
440
365
248
84
384
187
379
489
321
132
437
409
118
188
22
388
35
272
7
462
458
81
347
483
459
65
466
330
32
53
103
107
398
82
462
364
1
293
141
197
250
9
399
72
491
19
304
456
311
54
34
95
338
275
491
379
137
148
440
405
78
364
248
244
7
478
342
366
259
455
468
274
399
147
297
1
424
216
18
423
485
234
12
450
69
382
17
298
121
498
350
105
62
315
329
106
423
230
112
315
316
365
218
88
132
273
209
496
115
377
22
220
77
158
462
395
224
355
381
220
440
165
425
100
366
156
404
263
123
172
39
330
163
202
369
143
122
75
192
200
485
203
355
107
10
436
103
439
39
178
339
181
98
159
76
438
283
220
375
52
458
34
196
109
411
267
24
367
132
70
205
282
246
242
400
352
416
107
345
178
150
75
396
397
226
143
225
64
9
6
153
13
116
336
27
388
409
312
430
48
466
461
409
453
254
366
148
422
236
412
341
131
368
13
446
304
444
174
494
89
296
284
198
107
458
240
495
136
162
101
366
154
113
428
356
5
201
6
392
147
329
498
142
183
359
221
163
130
176
347
215
310
356
136
299
48
219
280
97
320
392
262
77
133
328
223
122
60
87
379
317
90
236
245
254
465
354
499
278
363
175
94
194
87
252
283
214
146
424
272
228
421
432
422
168
245
176
103
94
31
347
245
132
23
483
213
354
158
416
115
219
215
225
447
184
207
214
293
157
179
16
10
50
495
14
138
472
134
472
287
16
293
3
232
136
394
325
207
270
125
395
389
478
242
477
22
136
150
432
306
99
281
220
12
37
205
402
106
155
468
293
127
114
164
109
323
28
335
296
18
493
151
329
376
443
144
467
160
384
357
468
317
396
490
191
13
121
295
355
166
447
135
390
7
490
448
231
228
410
386
0
490
284
195
399
57
111
313
283
4
425
248
456
307
204
272
65
497
39
178
435
386
319
43
187
136
349
42
327
1
466
447
385
299
134
30
457
272
56
194
450
499
87
374
161
96
415
77
447
353
155
370
25
197
380
385
333
329
194
345
346
199
302
130
96
462
436
375
27
49
140
165
168
28
313
196
240
432
69
371
180
224
344
282
492
148
76
3
203
334
498
302
344
453
12
136
389
318
10
267
369
459
322
387
212
470
16
173
291
103
455
237
81
82
356
327
90
319
348
226
293
444
53
112
141
297
182
287
402
223
336
426
123
31
210
76
246
292
39
446
271
300
16
466
341
403
228
116
173
150
353
42
416
406
382
408
137
77
446
424
182
182
237
467
165
358
220
297
499
155
227
274
7
228
264
64
484
360
191
66
366
376
190
0
248
216
42
398
384
178
275
383
254
186
121
150
227
17
209
128
238
425
364
454
1
95
239
194
311
4
319
116
45
286
479
154
215
303
93
341
78
220
349
313
368
31
434
176
360
123
31
238
75
285
162
69
496
33
473
80
337
43
413
95
266
436
72
334
332
313
382
330
362
62
488
372
416
9
310
17
34
198
372
148
51
40
436
496
336
289
262
313
19
34
248
494
273
426
389
302
292
276
22
140
442
50
101
85
384
373
278
148
91
179
183
248
269
292
107
150
240
72
35
355
28
128
341
38
22
191
39
332
149
12
28
219
24
2
490
225
147
6
329
170
380
286
468
348
110
215
146
452
253
350
174
145
256
441
124
479
417
61
340
342
455
139
190
325
294
187
293
326
458
148
92
66
266
127
455
490
9
268
18
105
132
211
89
55
280
13
208
72
449
362
298
190
124
59
302
327
290
208
253
313
407
400
447
169
435
174
428
40
115
380
231
262
235
31
199
361
143
93
42
133
88
167
144
410
387
287
392
319
317
375
202
291
334
241
373
390
148
358
300
429
139
78
12
115
119
329
260
91
102
272
414
15
292
363
386
392
337
136
405
297
479
54
8
238
417
147
371
382
97
4
413
300
361
26
134
35
336
66
201
301
96
390
87
330
167
180
408
370
432
468
465
289
228
346
432
396
167
422
169
0
333
176
277
243
426
252
9
423
26
458
200
339
477
236
46
389
479
332
95
374
144
209
120
5
132
223
468
475
165
335
410
345
70
453
359
417
157
5
396
158
457
381
339
53
262
69
223
132
337
272
393
83
439
187
349
292
487
429
266
229
165
133
19
420
103
237
403
381
18
428
104
220
81
406
25
323
342
293
165
329
325
468
256
488
244
320
405
208
169
423
309
233
347
124
396
90
495
70
69
321
114
477
489
398
333
463
397
73
222
44
265
205
35
412
75
323
108
498
176
241
273
214
321
398
162
397
104
138
388
401
298
208
313
304
279
72
171
386
366
52
361
243
499
22
23
291
438
231
421
296
213
268
441
382
362
422
458
119
168
161
380
46
144
362
261
178
233
45
129
243
61
498
43
189
302
408
253
166
29
320
271
183
361
84
79
307
424
72
132
482
472
303
428
200
469
414
288
74
499
438
29
200
483
228
261
382
495
190
21
309
108
290
49
177
119
39
308
328
16
135
355
482
175
231
465
269
136
410
342
396
250
218
217
299
65
50
159
499
286
437
458
124
172
461
63
328
220
438
213
110
464
465
35
48
10
218
29
459
137
309
54
241
310
330
274
198
457
412
47
422
194
161
426
394
155
5
186
255
256
151
368
198
46
405
113
283
77
347
33
419
320
367
456
360
211
37
424
259
57
363
95
489
480
4
279
336
115
449
65
215
238
390
362
253
73
131
420
75
239
418
37
232
378
496
209
429
0
140
127
190
160
353
11
48
364
413
323
127
283
275
464
267
28
278
407
162
489
95
377
488
429
352
44
456
157
184
92
37
14
167
399
269
223
412
326
357
81
486
248
416
83
282
316
75
247
160
127
255
447
141
179
223
14
381
220
365
439
487
306
286
69
289
108
26
328
434
360
474
140
239
295
346
447
255
68
107
458
247
253
198
185
132
339
487
260
480
328
484
295
193
182
254
152
306
89
138
260
420
82
179
228
333
160
135
296
488
225
412
427
432
499
461
77
198
180
161
52
386
331
345
357
410
296
153
128
319
296
333
264
71
463
218
339
148
67
173
224
430
238
405
287
126
260
436
141
134
446
259
373
334
331
359
317
270
161
177
369
300
172
479
131
269
120
357
414
307
144
217
153
221
352
474
13
338
479
49
375
332
198
487
493
49
194
36
187
298
464
344
82
372
96
267
69
484
299
35
420
162
55
30
34
345
130
356
142
275
177
466
142
108
431
256
101
10
489
138
52
320
258
489
104
267
57
410
378
462
7
296
467
246
491
355
203
34
252
9
326
206
83
440
286
203
430
127
156
46
204
414
206
265
290
405
406
11
264
136
38
177
326
13
272
199
274
251
72
100
87
175
108
86
151
359
344
403
490
67
488
165
211
7
107
169
264
102
273
277
55
493
86
324
472
173
22
184
107
119
445
296
382
302
337
480
170
223
142
209
487
392
394
194
38
123
410
68
77
306
265
315
163
269
308
126
157
484
110
282
33
163
119
304
381
112
481
120
344
239
298
437
466
470
365
493
13
300
3
287
57
221
482
5
236
403
322
437
366
134
148
404
161
471
421
429
265
11
135
145
37
84
191
67
142
197
95
179
328
479
94
128
122
25
299
182
154
312
375
344
259
200
32
207
347
166
34
248
310
258
196
427
441
134
133
475
319
110
157
180
327
416
180
297
98
260
145
139
88
428
31
167
282
489
437
210
16
121
448
215
74
386
168
3
123
269
184
354
350
45
230
375
397
407
383
92
129
121
471
295
228
279
174
481
98
13
180
174
14
164
446
276
256
406
226
49
41
185
400
478
395
192
187
404
312
251
157
314
322
348
154
103
301
136
300
216
136
45
396
70
402
183
281
149
121
314
327
96
466
37
26
52
209
113
184
40
354
173
373
92
293
286
34
103
482
464
370
423
306
172
86
275
163
2
479
247
111
126
275
272
209
298
320
105
396
123
252
171
44
93
311
492
419
422
439
490
33
83
171
30
276
10
274
357
315
60
130
123
466
471
73
99
339
36
36
219
264
66
309
460
410
39
243
484
99
452
404
56
408
373
258
269
69
435
255
211
233
218
357
268
220
247
146
46
377
499
473
244
386
183
456
28
153
226
117
86
489
437
61
310
340
158
133
232
129
212
330
17
376
456
31
109
232
401
137
156
389
142
331
410
2
28
300
230
151
20
78
372
134
311
392
467
5
17
84
47
104
344
235
44
270
366
158
288
419
18
24
470
216
202
50
78
147
343
311
275
273
207
400
417
9
253
87
309
159
427
117
90
135
323
21
48
101
407
254
311
187
432
324
67
186
359
299
21
13
156
261
254
266
267
245
432
191
248
463
277
250
404
265
21
326
102
321
244
466
440
249
252
8
146
256
180
275
241
280
350
237
58
44
120
64
494
196
463
359
466
263
129
258
492
457
188
72
108
207
172
30
205
41
174
236
376
390
240
442
280
211
336
362
493
314
468
410
10
245
57
482
237
288
29
67
366
392
227
405
429
398
317
235
374
208
376
410
251
163
17
25
463
207
357
436
69
23
99
195
145
232
1
355
320
470
100
248
303
410
66
362
265
159
47
26
107
232
60
231
437
223
147
43
11
80
247
340
310
481
217
345
145
470
1
98
400
476
463
435
132
123
217
254
417
486
177
231
383
232
173
25
320
349
287
471
376
178
376
485
357
242
353
126
62
117
228
212
11
263
337
10
10
39
308
225
208
94
376
433
135
0
291
28
68
138
361
79
258
389
275
100
49
122
335
179
258
115
206
52
280
155
371
335
12
302
160
156
2
440
395
438
395
1
294
419
488
481
444
169
37
266
44
440
183
62
240
473
35
439
311
403
15
407
296
232
248
17
471
202
284
4
327
145
411
181
294
474
164
291
332
354
480
71
258
234
481
350
408
454
250
25
175
171
165
376
309
122
116
391
406
332
348
29
95
425
18
290
490
438
364
280
42
214
108
22
355
496
205
438
126
263
199
129
394
35
441
446
109
157
345
76
438
497
412
160
472
432
482
390
112
458
244
392
402
301
297
118
462
433
214
81
231
175
126
484
212
205
247
172
333
205
450
104
177
154
404
161
238
12
89
15
283
226
493
122
483
383
74
315
319
114
57
220
318
180
250
148
29
441
11
243
200
246
198
39
468
66
302
31
343
98
271
385
235
347
66
398
106
12
417
437
34
42
293
331
391
289
289
67
125
95
118
487
183
244
460
317
192
13
348
79
186
387
222
430
40
224
308
202
294
0
476
77
131
370
230
109
196
294
85
412
96
84
95
103
2
303
353
303
343
228
2
404
233
81
144
239
483
474
181
152
304
219
272
233
138
392
376
387
58
54
66
223
342
412
402
56
344
446
9
383
291
178
122
119
56
449
39
285
118
60
255
465
251
252
1
203
355
311
324
436
104
66
186
152
171
418
476
21
153
163
212
431
122
191
438
72
72
422
177
146
454
455
77
396
16
261
418
390
182
236
257
338
179
171
127
95
291
2
428
107
254
296
241
154
390
132
457
287
221
66
426
0
375
262
136
294
134
476
340
478
163
170
19
142
62
171
442
77
306
465
242
426
79
443
377
312
169
193
203
39
374
52
340
66
445
33
267
343
78
38
200
471
386
202
418
159
355
483
419
76
340
190
182
382
491
286
240
325
109
404
285
277
332
483
349
61
288
381
498
62
23
407
255
149
7
155
387
383
38
379
6
54
334
57
141
422
67
50
478
42
440
380
10
380
26
285
246
51
369
41
137
352
98
44
472
337
482
345
433
179
452
39
430
66
150
51
162
395
210
447
158
397
128
138
130
377
185
196
343
245
30
381
1
497
175
235
366
382
423
337
244
126
280
235
137
188
321
39
293
184
429
313
214
348
332
36
57
424
148
74
472
460
344
214
476
44
289
157
184
115
198
394
233
377
211
415
193
328
140
454
355
283
151
168
108
378
323
133
44
21
88
297
332
315
16
292
341
462
104
25
483
302
324
361
435
48
413
178
331
235
145
235
315
493
497
260
389
39
439
346
258
379
380
334
364
222
296
69
149
135
5
389
239
291
395
217
146
435
333
302
310
447
461
490
209
445
146
12
464
215
3
354
435
62
141
469
264
9
309
156
86
94
380
308
171
280
144
62
414
285
0
450
100
58
473
364
317
453
255
478
23
67
83
34
132
448
6
74
136
20
72
154
387
76
88
209
344
406
316
185
232
410
405
397
251
303
199
100
440
362
263
340
28
197
71
497
124
455
76
157
344
352
143
65
220
405
121
266
219
146
293
1
155
468
352
424
72
110
13
95
393
439
419
220
432
151
39
8
3
284
10
194
367
27
160
489
346
236
485
165
497
275
104
135
347
97
19
127
198
387
313
180
84
321
83
268
355
244
327
209
289
442
269
440
194
143
497
400
416
298
433
255
113
1
382
258
53
450
179
455
335
414
25
340
401
52
190
233
53
56
146
471
479
314
285
85
253
471
280
253
426
434
324
68
62
356
233
238
212
394
319
458
261
124
15
474
17
95
460
55
1
75
122
391
148
372
201
119
472
67
296
313
196
146
227
120
135
260
147
436
452
458
476
120
473
279
337
74
427
92
358
338
492
241
310
391
64
187
157
108
490
339
184
198
299
468
453
463
429
289
82
47
37
338
201
143
351
453
186
265
148
400
92
390
418
495
226
295
448
68
290
322
444
324
310
108
478
276
276
477
472
376
356
80
44
53
479
6
291
49
181
402
426
130
181
343
235
75
79
50
111
367
424
422
254
272
17
105
53
115
336
430
219
451
155
42
272
280
425
9
124
475
220
185
295
452
341
9
466
327
303
92
245
3
90
264
132
153
328
400
21
337
302
262
24
24
257
317
105
403
493
15
207
195
146
15
82
106
162
92
220
402
283
13
218
49
109
84
2
442
197
426
193
286
473
264
413
310
429
386
312
57
47
378
480
6
87
288
320
194
333
247
5
320
303
151
335
197
36
478
267
347
439
413
33
293
470
190
195
389
458
193
164
359
220
176
215
338
278
26
316
190
8
296
169
77
423
123
103
434
356
498
476
472
346
65
365
255
121
218
133
10
242
468
69
49
208
82
124
305
33
232
122
178
251
189
324
462
475
75
262
381
224
248
53
301
374
373
2
19
357
482
485
231
348
77
283
374
362
40
302
14
11
195
462
288
481
371
337
417
96
142
173
318
477
95
38
87
139
345
131
226
182
208
105
402
175
480
99
59
478
458
294
401
172
421
445
230
367
394
441
412
228
417
406
408
282
69
450
296
412
66
124
384
241
385
438
142
1
440
388
343
473
496
232
334
144
253
309
380
25
38
220
58
404
307
367
96
168
56
347
466
427
115
162
157
310
173
204
195
61
261
494
108
439
438
4
142
215
220
53
388
406
223
382
87
405
484
336
89
470
150
315
224
403
172
163
0
276
40
171
289
483
284
17
384
331
160
89
207
241
289
158
468
494
333
23
375
249
321
467
273
121
165
255
106
104
242
149
137
64
110
90
420
443
280
150
283
294
258
184
47
382
25
302
396
42
128
394
470
141
174
458
189
25
250
450
396
490
96
352
294
341
271
198
200
21
425
348
74
227
251
437
137
494
211
476
21
113
180
296
21
378
357
405
436
85
465
74
259
194
191
162
285
448
402
343
462
97
40
224
265
363
393
212
37
313
339
456
83
112
320
397
466
2
9
50
32
193
62
185
97
218
414
369
383
36
365
325
481
131
369
456
96
305
366
337
415
387
398
431
202
379
134
288
19
499
191
99
202
130
125
200
264
299
194
137
59
282
290
160
329
335
182
222
242
42
184
119
459
448
227
120
413
417
72
379
147
363
297
139
374
52
114
134
419
321
142
328
410
177
211
55
418
377
166
161
352
273
177
235
394
237
435
427
41
283
280
148
126
396
230
334
459
150
472
241
314
224
2
464
180
118
322
219
376
441
178
194
17
359
334
145
438
320
121
488
449
160
468
112
77
428
495
153
130
253
437
363
81
156
99
224
152
388
288
212
375
59
448
80
78
175
323
197
409
290
458
108
187
448
241
243
306
421
11
31
486
244
147
169
16
190
32
344
363
48
385
353
348
447
495
383
399
406
28
330
78
347
188
198
325
337
27
336
271
86
187
276
72
275
36
471
444
132
57
245
89
294
129
64
281
205
76
31
88
76
401
377
265
480
338
274
59
32
254
301
210
342
162
444
228
392
294
385
372
423
143
458
61
425
152
443
16
450
322
56
280
128
198
482
338
419
21
105
230
35
226
392
13
99
272
420
289
204
82
22
115
348
486
47
164
377
246
119
232
288
290
267
220
450
214
485
446
141
319
5
10
274
411
406
71
104
74
207
33
278
0
432
123
109
313
48
282
307
379
56
65
60
407
228
255
75
463
150
63
251
124
160
470
261
260
78
437
381
179
221
353
304
116
217
119
351
204
386
294
147
154
185
472
222
33
465
38
251
347
208
71
315
27
106
64
130
55
498
229
146
284
111
452
414
462
441
300
451
327
252
245
360
117
316
35
47
309
304
473
169
76
320
385
495
332
166
165
352
426
464
104
26
172
20
48
5
10
438
88
307
415
478
63
23
478
287
60
485
134
164
71
474
36
222
229
121
368
347
12
205
147
361
179
247
227
268
306
456
340
26
149
149
192
469
435
11
451
275
197
53
213
41
429
277
184
254
167
275
422
24
183
337
412
273
177
300
330
383
325
272
288
102
309
335
244
48
34
176
58
140
176
120
397
344
35
343
120
92
459
439
126
442
107
445
482
187
278
173
444
366
158
5
265
138
150
435
146
219
432
284
32
105
64
472
94
167
196
151
156
119
290
471
57
411
167
177
410
313
466
438
498
24
97
414
25
234
187
244
127
306
32
448
265
151
22
31
13
336
81
258
240
432
262
462
486
166
388
456
438
93
429
227
251
209
261
187
354
397
425
373
393
430
27
487
381
238
292
191
378
363
42
91
112
499
325
283
18
115
202
234
230
40
368
272
123
34
71
65
493
81
466
192
284
142
480
195
252
426
91
222
479
79
366
451
260
7
258
344
152
451
368
16
216
62
445
185
379
354
391
432
150
276
476
72
447
174
140
256
358
291
272
87
314
300
74
93
72
242
237
228
29
121
459
106
483
162
206
6
143
477
72
383
478
422
13
304
434
15
211
399
330
384
198
209
127
346
270
110
287
366
314
490
288
481
311
275
159
25
22
379
121
7
79
135
259
341
311
10
177
428
113
475
434
378
341
390
113
1
149
41
275
108
382
340
13
180
279
212
419
379
81
461
495
413
236
499
297
159
73
213
333
469
17
141
341
33
329
436
68
478
472
155
126
296
87
121
73
164
204
36
73
244
71
194
385
102
126
404
314
321
475
225
394
186
92
405
138
309
271
265
105
468
79
88
189
385
87
441
135
423
458
96
399
164
37
171
18
406
26
185
153
239
78
86
483
408
41
478
78
25
141
12
255
404
165
151
380
453
269
140
468
53
216
127
162
6
465
120
478
370
247
199
294
229
492
459
364
290
297
256
58
75
485
353
290
100
271
464
63
66
181
162
343
148
243
250
191
119
493
14
154
112
199
189
120
387
167
494
78
228
8
436
412
457
233
3
395
166
9
145
210
85
7
414
240
138
231
420
388
35
452
99
81
182
468
456
401
44
165
378
104
31
438
110
53
127
79
112
33
441
114
483
461
81
488
386
28
66
151
182
18
142
330
276
263
484
178
427
319
185
324
175
190
122
438
221
497
283
430
91
485
442
295
404
372
484
182
137
146
449
36
115
420
107
223
434
353
156
442
143
15
366
347
41
97
393
353
18
84
140
271
340
374
96
383
432
27
304
87
11
247
6
138
472
296
252
348
311
455
420
12
236
289
298
131
220
248
384
346
384
125
205
28
447
105
187
396
342
261
386
242
21
450
21
240
289
273
395
451
104
287
372
176
173
145
163
174
88
0
224
198
428
6
251
127
300
457
183
304
251
364
422
283
449
55
486
239
165
43
281
378
78
475
298
277
294
223
415
74
310
244
488
81
113
449
461
490
359
126
125
251
314
406
451
302
424
19
113
226
408
281
201
383
323
435
96
464
168
199
63
101
96
277
172
62
132
464
61
359
156
73
488
38
140
365
243
187
62
145
95
11
184
489
325
12
473
314
149
392
147
129
403
365
79
390
324
366
264
469
133
429
83
129
276
141
480
447
136
419
339
170
63
100
94
57
131
57
411
492
125
47
314
169
74
261
83
43
217
437
310
122
146
213
428
450
181
168
23
357
359
216
311
321
150
105
124
166
312
96
48
118
13
202
209
182
225
189
324
241
398
146
29
25
260
33
495
285
64
442
21
155
291
12
287
290
323
111
70
0
56
362
378
443
92
468
242
226
441
82
491
267
339
398
394
323
135
486
304
178
352
208
425
221
126
498
141
402
190
386
179
51
74
480
107
380
442
431
262
363
219
490
102
437
485
101
201
52
78
257
64
304
373
129
79
387
326
146
474
304
487
430
192
427
348
289
425
376
127
52
147
174
298
467
418
492
375
106
345
148
491
157
273
223
404
262
460
9
392
192
466
117
350
366
308
416
0
136
67
159
380
30
225
336
444
136
256
448
317
482
402
419
56
282
436
431
480
211
396
278
368
297
74
84
308
3
280
350
375
312
405
246
144
494
468
131
355
37
370
420
452
309
337
100
265
168
497
273
353
311
38
180
413
75
332
497
352
256
487
205
372
386
262
56
139
52
234
56
173
50
81
484
454
194
142
393
452
83
329
337
487
499
426
261
453
104
94
273
195
186
322
132
169
107
48
222
322
164
466
95
314
427
22
340
281
18
68
489
355
172
238
137
163
151
229
455
202
35
166
336
491
433
204
357
292
240
486
371
456
81
38
384
472
33
439
273
