18
44
8
44
41
42
49
37
36
23
38
23
48
2
39
10
19
21
30
42
14
37
13
40
3
36
37
46
27
6
32
18
17
3
40
13
27
49
23
9
38
9
1
11
28
23
12
40
46
40
12
26
5
34
20
14
43
24
27
41
23
47
37
37
45
41
3
15
33
25
37
28
21
41
30
40
17
21
0
10
37
2
39
17
4
9
18
36
41
28
1
12
16
38
27
12
27
3
28
34
4
13
2
7
13
30
16
37
20
3
13
4
27
28
32
23
44
34
23
2
15
29
31
14
46
29
17
11
10
2
5
33
14
20
25
35
31
26
36
13
3
29
13
16
25
14
24
11
31
5
33
10
27
15
48
19
37
41
16
16
11
42
39
49
15
23
32
2
42
43
22
21
41
39
0
49
30
26
27
41
21
5
48
46
31
19
39
44
41
38
28
24
10
11
48
24
11
21
39
34
39
0
29
2
48
9
48
20
27
33
6
26
34
21
29
24
11
2
8
42
41
42
48
44
0
43
19
32
20
41
42
26
7
34
22
27
23
24
44
21
27
4
24
46
28
11
1
38
14
8
24
38
7
3
21
24
22
38
1
30
14
11
29
23
6
29
5
43
3
37
49
5
27
5
43
27
24
37
46
0
7
35
14
34
9
25
4
15
9
8
9
5
26
18
1
29
43
36
15
32
18
34
35
29
21
4
42
28
30
40
48
48
0
40
34
4
43
0
43
3
28
16
26
0
14
6
4
1
18
36
21
45
20
43
0
1
42
18
40
37
16
40
37
32
43
36
21
1
5
35
8
46
5
21
44
19
36
27
41
6
3
1
21
4
26
18
40
2
27
30
37
2
36
28
45
31
19
13
36
22
35
0
37
29
23
45
15
49
45
37
32
36
48
17
48
16
5
26
1
18
41
30
14
10
10
26
5
41
38
13
5
16
48
17
35
2
41
42
2
28
44
15
1
38
11
27
47
11
35
40
48
19
12
11
46
32
49
34
10
39
3
13
47
16
4
4
31
10
28
49
22
25
3
12
19
20
25
46
23
38
41
34
16
19
23
2
27
40
39
11
20
41
37
16
5
10
47
30
4
3
45
39
38
48
1
8
23
45
44
2
40
41
1
12
11
0
16
15
2
1
14
33
19
6
46
13
10
12
31
36
6
15
9
7
17
46
4
38
38
25
11
3
30
36
12
17
11
20
7
2
26
45
42
43
35
42
9
30
44
17
40
14
2
4
27
49
7
28
46
44
23
45
11
14
41
22
34
48
2
15
12
44
7
9
1
11
4
33
42
27
43
24
19
1
11
44
9
29
1
37
32
42
21
25
0
12
24
49
2
27
30
3
30
24
0
32
25
49
31
35
9
49
47
44
8
43
13
29
46
42
17
8
46
5
47
31
23
20
41
13
3
22
32
36
43
15
20
21
17
43
22
4
21
45
43
39
43
48
12
35
13
17
42
48
25
23
12
21
32
46
48
47
37
49
14
34
16
9
2
38
7
21
49
6
41
48
39
38
44
41
6
29
44
4
33
22
48
19
33
19
27
20
22
10
28
1
40
31
17
30
2
46
19
6
35
43
1
6
9
39
43
44
23
11
42
13
0
7
42
3
46
49
41
25
18
18
17
13
1
49
49
43
24
14
20
37
14
15
2
27
38
25
33
34
0
32
36
31
3
46
44
21
45
39
17
16
41
7
26
29
35
43
23
36
40
49
1
37
42
48
9
44
17
42
48
24
41
0
39
41
40
26
28
47
20
25
11
13
18
6
35
13
6
5
19
46
43
3
20
11
48
20
31
18
19
11
47
35
19
25
10
28
39
4
49
29
37
1
32
4
39
27
30
28
5
2
38
28
5
2
34
13
46
35
7
13
27
17
43
46
42
26
0
20
47
16
5
2
46
30
3
33
30
34
25
46
16
28
19
0
30
45
5
5
6
44
14
41
49
39
5
6
30
45
6
29
15
7
44
31
39
28
47
2
6
8
48
19
31
30
21
17
1
36
23
44
11
36
34
43
31
42
12
49
44
35
22
34
46
25
10
19
49
22
21
43
18
5
9
43
39
46
11
18
11
33
13
2
29
13
2
46
12
19
46
37
34
25
37
36
23
25
24
30
32
40
4
27
7
8
13
38
34
30
7
13
13
16
23
21
38
24
7
30
20
41
36
44
30
21
22
28
2
29
16
31
42
3
30
23
8
11
24
46
12
22
2
32
48
35
20
30
47
1
10
44
19
13
4
26
16
3
36
42
47
2
21
13
4
5
