0
0
1
2
2
3
864
9
9
9
9
13
13
13
15
15
16
16
19
21
22
23
24
25
25
25
28
31
31
32
32
32
35
37
38
42
43
45
46
46
46
46
47
47
50
51
52
52
53
55
55
55
57
57
59
60
61
61
61
65
66
66
66
66
69
70
70
71
73
73
73
73
74
76
77
77
78
79
79
80
80
82
82
83
84
85
86
88
90
92
94
94
94
96
96
97
97
98
99
99
99
101
101
101
102
102
102
104
105
107
107
107
107
108
109
109
110
110
113
115
115
118
120
121
130
132
133
133
133
133
134
135
135
143
143
144
146
147
149
149
150
151
152
154
155
156
158
158
160
160
161
163
164
165
166
168
169
171
172
173
175
179
179
180
181
181
184
185
185
185
186
187
188
189
189
191
192
193
193
194
194
196
198
202
203
203
204
205
205
208
210
211
212
212
212
213
216
216
216
216
216
217
220
220
221
221
221
221
222
222
222
224
225
227
227
227
227
227
228
229
230
230
234
234
235
235
235
236
236
237
238
238
242
246
247
247
248
250
250
253
254
255
255
255
257
258
258
262
262
262
263
264
265
265
267
268
269
270
273
273
274
275
275
277
277
278
280
282
283
286
287
287
970
289
292
293
294
295
299
303
304
306
307
309
309
310
312
314
316
317
317
318
318
318
319
319
321
322
323
326
328
329
329
331
332
332
336
336
336
337
338
338
342
342
343
343
344
344
345
346
349
350
350
351
351
356
359
361
361
361
364
366
366
369
371
371
372
373
373
373
375
379
381
383
385
385
386
387
389
390
391
392
392
392
393
393
395
396
396
399
399
399
400
400
400
401
402
402
402
403
405
405
406
406
406
406
413
413
414
415
417
419
419
420
420
422
422
423
424
424
424
424
425
425
426
428
429
431
432
432
432
433
435
436
436
437
437
438
439
440
442
442
444
444
446
446
446
449
451
451
453
453
454
454
455
457
457
459
460
460
461
461
461
462
462
465
466
467
469
469
470
470
471
472
472
472
474
474
475
476
479
479
481
482
482
483
484
485
487
487
488
489
490
490
491
491
494
494
494
495
495
495
496
497
497
498
500
508
508
510
513
513
513
516
521
521
522
525
526
526
526
528
528
529
531
531
531
532
533
533
535
535
537
537
538
539
539
540
541
541
541
542
542
542
542
545
545
546
546
549
551
551
552
553
555
556
559
560
562
562
563
563
563
564
565
567
567
568
568
568
569
569
570
570
580
582
583
584
584
584
584
586
589
589
589
591
591
591
592
592
593
594
599
599
604
604
604
604
606
607
608
609
610
610
612
613
613
613
615
616
616
617
617
618
619
619
620
621
622
623
623
623
623
624
624
624
624
625
625
626
627
627
628
629
630
631
631
631
631
631
632
633
633
633
633
635
635
636
637
637
639
640
641
642
642
642
644
644
644
644
647
647
648
649
650
650
651
652
653
654
655
656
656
656
658
660
661
662
664
665
666
667
667
667
668
668
670
674
675
675
677
678
678
679
681
683
683
684
685
686
690
690
691
691
692
694
694
695
695
695
696
696
697
698
698
699
701
701
702
703
703
704
704
704
705
705
706
710
714
714
714
715
715
716
716
716
717
717
718
722
722
723
725
728
735
735
736
736
739
739
742
743
744
747
747
748
749
749
749
749
750
750
750
751
751
753
753
755
757
758
758
758
761
762
763
765
766
766
766
767
768
769
770
773
773
773
774
776
776
777
777
778
778
778
779
779
779
781
782
784
786
787
787
788
789
789
789
789
792
793
793
793
795
796
796
797
799
799
800
801
801
804
805
810
811
811
812
815
815
817
817
817
819
819
819
821
822
823
824
826
826
826
827
827
827
828
829
831
832
832
833
836
836
836
837
838
838
839
839
842
842
842
843
844
845
846
848
849
849
850
850
851
851
852
853
854
854
856
856
857
857
857
860
861
861
862
862
863
865
865
865
866
866
866
867
867
868
869
869
869
5
869
871
871
871
872
873
873
875
876
878
878
879
879
879
880
880
880
881
882
882
883
883
884
885
885
886
887
887
888
888
888
888
889
890
890
890
891
891
892
894
894
895
895
897
897
897
898
898
898
901
901
903
903
903
905
906
906
907
913
914
914
916
918
920
921
922
922
924
924
924
926
927
929
929
933
934
936
942
942
942
942
944
947
947
949
951
952
953
954
958
960
962
962
963
963
964
964
964
964
967
968
968
969

972
972
972
972
973
973
975
978
979
980
980
982
983
984
985
985
993
335
994
994
994
994
995
997
999
999
