0
1
2
3
4
4
6
7
10
11
13
13
13
15
17
17
18
18
20
21
22
22
23
23
24
25
26
27
28
29
30
31
33
33
34
35
36
36
40
40
41
41
42
43
44
44
46
47
47
49
50
53
54
54
54
55
55
56
57
58
58
59
59
59
13
62
65
65
62
67
67
67
69
70
70
71
71
71
73
75
75
75
76
76
77
78
79
80
81
82
83
83
84
84
85
86
86
86
89
90
90
91
95
95
96
97
98
98
99
101
101
102
103
103
104
105
107
108
108
109
110
112
113
113
119
119
120
120
122
123
124
125
126
126
127
128
131
132
133
133
134
135
136
136
137
138
139
141
142
144
144
144
145
148
149
151
153
153
154
154
154
154
156
156
158
158
158
159
163
164
164
164
164
166
166
167
167
168
168
169
169
172
172
177
178
179
180
180
183
184
184
185
186
187
187
188
188
189
197
197
198
90
199
199
199
202
204
204
206
206
206
206
207
208
209
210
210
211
211
212
213
214
214
215
215
215
217
218
220
220
220
221
222
223
223
225
226
228
230
231
233
235
236
237
238
239
241
242
242
244
244
248
248
249
249
254
255
255
255
255
257
258
259
259
259
261
261
261
262
262
264
265
266
267
268
269
270
272
272
273
274
274
275
275
279
279
280
285
285
285
285
286
286
286
287
287
288
289
289
289
292
292
294
294
295
295
295
296
298
301
302
303
305
305
306
307
307
308
308
309
310
310
311
316
317
319
320
322
322
323
326
328
328
329
329
331
332
334
335
336
336
337
337
339
339
340
341
341
342
342
342
344
344
345
346
348
351
352
352
352
355
355
356
357
357
357
358
359
359
360
364
365
368
369
369
369
370
371
372
372
374
375
376
377
378
378
380
382
383
383
384
384
384
384
385
385
385
388
388
389
390
390
392
393
394
395
395
396
398
399
400
401
401
402
402
402
405
405
406
406
407
410
410
411
411
411
418
418
418
419
422
422
422
423
424
424
425
9691
425
426
430
430
433
434
437
437
437
438
439
440
440
441
444
444
444
445
445
445
446
447
449
450
452
453
453
455
455
455
455
456
457
457
459
459
459
459
460
460
460
461
461
462
465
466
466
466
467
467
468
469
469
469
470
470
471
471
472
472
477
477
478
482
484
484
485
486
486
487
488
488
489
490
490
490
490
491
493
493
495
495
496
496
496
497
497
497
499
499
500
500
501
501
503
504
504
504
505
506
506
507
508
509
510
512
513
514
514
515
516
516
516
516
517
517
519
519
521
521
521
523
523
524
525
526
526
527
528
529
531
531
532
532
533
535
535
535
537
539
540
540
543
544
544
545
546
546
547
548
548
549
549
550
550
550
552
554
554
554
554
555
559
560
562
562
563
564
565
568
568
568
568
568
569
569
571
574
576
576
577
577
578
578
581
582
583
584
586
587
587
591
592
593
594
595
596
596
597
598
599
599
599
600
602
602
603
605
605
606
607
607
609
610
610
611
611
611
612
613
619
619
619
620
620
621
621
623
624
625
625
625
627
628
632
632
635
636
637
638
640
640
641
641
643
644
645
647
647
648
648
649
650
654
654
656
659
659
659
659
660
661
664
664
665
665
667
668
668
669
669
671
672
673
674
674
675
675
676
676
677
678
679
680
681
682
682
685
686
687
687
688
688
688
689
689
690
692
693
693
693
694
696
696
696
697
698
699
699
700
701
701
702
704
705
705
705
708
709
710
711
711
712
713
714
715
716
716
718
720
722
723
724
724
724
726
726
727
727
727
728
729
730
732
733
733
733
734
734
735
738
739
740
742
742
742
743
744
744
746
748
749
750
751
752
752
752
754
754
755
757
757
757
759
760
760
761
761
761
763
763
764
764
764
765
765
766
767
767
768
769
770
773
775
776
776
777
778
780
781
781
781
786
786
786
788
789
789
790
790
793
796
797
799
799
802
804
804
804
805
806
806
807
807
807
807
808
808
809
809
810
810
811
813
813
815
815
816
816
817
818
818
819
819
819
820
821
822
822
823
824
824
825
828
828
828
829
830
831
831
832
833
833
836
836
836
837
839
839
840
840
842
842
844
845
845
845
846
846
846
847
847
847
848
849
850
851
852
852
853
853
853
853
854
854
856
857
858
861
861
863
864
865
868
870
870
870
874
874
875
875
876
876
877
878
878
878
879
879
880
880
882
882
883
883
884
885
886
887
887
888
889
890
891
893
893
893
894
895
896
898
899
900
900
900
900
901
902
906
908
908
909
910
910
910
911
912
912
913
913
917
917
917
918
918
919
919
920
921
921
921
922
922
923
924
924
924
924
924
924
928
928
929
930
931
931
931
931
932
933
935
936
936
940
945
946
946
946
948
948
949
950
952
954
955
955
956
957
957
957
958
959
959
959
960
960
960
961
961
964
964
965
965
967
967
968
968
969
970
970
970
970
970
971
973
973
973
973
974
976
977
977
977
978
978
979
980
981
982
982
983
986
987
988
988
989
989
989
989
989
994
994
996
997
998
999
999
1000
1000
1001
1002
1006
1006
1007
1007
1009
1010
1012
1015
1015
1016
1016
1016
1017
1018
1019
1020
1021
1021
1021
1023
1024
1026
1026
1026
1026
1030
1032
1034
1034
1034
1034
1035
1035
1035
1035
1035
1036
1037
1037
1038
1038
1039
1041
1042
1043
1045
1047
1047
1047
1047
1048
1049
1050
1050
1051
1051
1051
1051
1051
1052
1052
1053
1053
1055
1055
1057
1058
1058
1059
1063
1064
1064
1064
1066
1066
1067
1068
1070
1070
1071
1071
1071
1072
1074
1075
1077
1078
1079
1080
1081
1081
1082
1083
1086
1089
1089
1090
1093
1095
1095
1095
1097
1098
1099
1100
1101
1105
1106
1107
1108
1109
1111
1114
1114
1117
1118
1119
1121
1122
1124
1125
1126
1127
1127
1129
1129
1131
1131
1133
1136
1137
1139
1141
1141
1141
1141
1143
1144
1145
1146
1147
1148
1148
1149
1149
1149
1150
1153
1154
1154
1155
1156
1156
1156
1157
1157
1158
1158
1158
1159
1159
1159
1161
1163
1164
1166
1166
1166
1166
1168
1170
1171
1172
1172
1172
1173
1174
1174
1175
1175
1176
1176
1181
1182
1182
1183
1183
1184
1185
1185
1185
1186
1186
1186
1186
1187
1189
1191
1192
1193
1196
1196
1197
1198
1198
1200
1201
1203
1204
1204
1205
1207
1207
1208
1208
1209
1210
1210
1210
1212
1212
1212
1212
1213
1215
1215
1216
1217
1217
1218
1218
1218
1220
1221
1221
1223
1224
1224
1225
1226
1226
1229
1230
1232
1232
1233
1233
1234
1236
1236
1238
1240
1240
1240
1243
1244
1245
1246
1248
1249
1249
1250
1251
1251
1252
1253
1254
1255
1256
1257
1261
1261
1262
1264
1265
1268
1268
1268
1268
1269
1273
1276
1277
1279
1281
1283
1283
1283
1283
1283
1284
1284
1286
1286
1288
1292
1296
1296
1297
1299
1300
1301
1303
1304
1304
1305
1306
1309
1313
1317
1317
1317
1319
1319
1320
1322
1323
1324
1325
1326
1328
1328
1329
1333
1333
1335
1336
1336
1336
1339
1340
1341
1344
1345
1346
1346
1348
1349
1350
1353
1354
1354
1355
1355
1356
1357
1357
1357
1358
1358
1358
1359
1359
1361
1363
1364
1364
1367
1367
1369
1370
1372
1372
1374
1374
1374
1375
1376
1377
1380
1383
1384
1384
1385
1387
1388
1388
1388
1389
1389
1389
1389
1390
1391
1392
1393
1393
1394
1395
1396
1396
1399
1400
1402
1402
1403
1403
1403
1404
1404
1404
1404
1407
1408
1408
1410
1410
1413
1413
1416
1416
1417
1417
1418
1419
1421
1421
1422
1423
1423
1425
1426
1429
1429
1429
1430
1430
1430
1431
1434
1434
1436
1436
1437
1437
1438
1438
1440
1442
1443
1443
1445
1446
1447
1448
1448
1449
1450
1452
1453
1455
1456
1457
1457
1458
1459
1460
1461
1461
1461
1462
1463
1467
1467
1468
1470
1471
1472
1474
1474
1475
1476
1477
1477
1477
1477
1477
1480
1481
1482
1482
1483
1484
1485
1486
1488
1488
1489
1493
1493
1494
1495
1495
1495
1496
1498
1498
1499
1500
1502
1503
1508
1509
1509
1509
1510
1511
1513
1515
1517
1519
1519
1522
1523
1525
1526
1529
1530
1530
1531
1531
1532
1532
1534
1535
1536
1536
1536
1538
1540
1540
1543
1543
1543
1544
1544
1545
1548
1550
1550
1551
1551
1552
1553
1553
1553
1556
1558
1558
1558
1560
1562
1563
1564
1565
1568
1572
1574
1575
1575
1575
1575
1575
1575
1575
1576
1576
1578
1578
1578
1579
1582
1583
1583
1583
1584
1584
1584
1585
1586
1586
1586
1586
1588
1588
1590
1591
1591
1591
1593
1594
1595
1597
1599
1600
1601
1603
1603
1603
1604
1605
1607
1608
1608
1610
1615
1616
1618
1619
1622
1623
1624
1624
1624
1625
1626
1626
1629
1629
1630
1631
1631
1631
1631
1632
1633
1633
1634
1635
1638
1639
1640
1642
1642
1642
1643
1643
1645
1645
1645
1646
1648
1649
1649
1649
1649
1650
1650
1650
1651
1652
1652
1653
1654
1655
1659
1659
1661
1661
1661
1664
1666
1667
1668
1669
1669
1670
1671
1673
1674
1675
1676
1676
1677
1677
1678
1679
1680
1681
1681
1682
1682
1682
1682
1682
1685
1686
1688
1689
1690
1690
1693
1694
1696
1699
1700
1702
1702
1703
1704
1704
1706
1708
1709
1709
1711
1711
1712
1712
1714
1715
1716
1718
1722
1723
1724
1725
1725
1725
1725
1726
1726
1726
1729
1732
1732
1733
1733
1735
1735
1736
1736
1739
1739
1740
1740
1740
1740
1743
1745
1745
1746
1748
1751
1753
1753
1754
1755
1757
1757
1759
1759
1760
1761
1762
1763
1763
1763
1765
1765
1765
1765
1767
1767
1769
1771
1774
1774
1775
1775
1775
1778
1778
1780
1782
1782
1783
1784
1784
1784
1784
1785
1786
1789
1789
1790
1790
1791
1791
1792
1792
1792
1794
1794
1794
1794
1794
1795
1795
1797
1798
1798
1799
1801
1803
1804
1804
1806
1806
1807
1807
1808
1810
1811
1813
1814
1814
1815
1815
1816
1817
1817
1817
1818
1818
1818
1818
1818
1821
1822
1823
1826
1827
1827
1827
1830
1830
1832
1832
1832
1833
1834
1835
1835
1837
1838
1843
1844
1845
1846
1848
1849
1849
1849
1850
1852
1852
1853
1853
1854
1856
1856
1856
1857
1858
1858
1860
1860
1861
1863
1863
1864
1866
1867
1870
1871
1871
1872
1872
1875
1875
1875
1875
1876
1878
1879
1881
1882
1882
1883
1884
1885
1887
1887
1890
1891
1892
1893
1893
1894
1894
1896
1898
1899
1900
1900
1901
1903
1904
1904
1904
1904
1905
1906
1906
1907
1907
1908
1908
1908
1910
1911
1914
1914
1914
1915
1917
1918
1920
1922
1923
1925
1928
1932
1937
1939
1939
1939
1939
1940
1940
1940
1942
1942
1944
1945
1946
1950
1951
1953
1954
1954
1955
1955
1956
1957
1958
1959
1959
1959
1961
1963
1964
1965
1965
1967
1967
1969
1970
1970
1972
1972
1973
1973
1974
1975
1975
1976
1977
1983
1983
1983
1984
1985
1986
1987
1988
1989
1992
1993
1996
1997
1998
1999
1999
2000
2000
2001
2002
2004
2006
2008
2009
2010
2011
2011
2012
2014
2016
2016
2016
2017
2019
2019
2020
2022
2023
2023
2023
2026
2028
2029
2029
2031
2033
2034
2034
2035
2035
2035
2036
2038
2041
2041
2041
2041
2042
2042
2043
2044
2044
2049
2049
2049
2050
2050
2050
2051
2054
2054
2054
2057
2058
2058
2059
2059
2060
2061
2061
2061
2062
2062
2062
2062
2064
2065
2066
2067
2068
2069
2069
2069
2069
2070
2070
2071
2071
2073
2073
2073
2073
2074
2075
2078
2078
2079
2080
2083
2083
2083
2085
2086
2086
2086
2087
2088
2088
2089
2089
2089
2090
2090
2091
2091
2092
2092
2093
2093
2094
2096
2099
2099
2099
2102
2103
2103
2104
2104
2104
2105
2105
2105
2106
2107
2108
2111
2111
2113
2113
2113
2114
2116
2117
2117
2117
2118
2118
2118
2120
2121
2121
2123
2123
2124
2124
2125
2128
2129
2129
2130
2130
2131
2132
2133
2134
2134
2137
2138
2141
2143
2143
2143
2143
2145
2145
2146
2146
2147
2150
2153
2153
2153
2153
2154
2154
2156
2156
2156
2157
2158
2159
2160
2161
2162
2162
2163
2163
2164
2166
2166
2168
2170
2170
2175
2176
2177
2179
2181
2182
2183
2183
2183
2185
2188
2190
2192
2192
2193
2194
2197
2199
2200
2202
2202
2203
2204
2205
2205
2205
2209
2209
2211
2213
2214
2214
2216
2218
2218
2219
2219
2220
2220
2221
2221
2222
2222
2225
2227
2228
2229
2230
2231
2232
2232
2232
2240
2241
2242
2242
2243
2246
2249
2250
2252
2252
2253
2254
2255
2255
2258
2260
2260
2261
2261
2261
2262
2263
2263
2267
2271
2273
2274
2275
2275
2277
2277
2278
2280
2280
2280
2281
2282
2282
2283
2283
2284
2284
2285
2287
2287
2289
2292
2292
2292
2293
2294
2294
2295
2296
2297
2298
2299
2299
2303
2303
2303
2303
2304
2304
2305
2305
2305
2306
2306
2306
2308
2310
2310
2311
2311
2312
2313
2313
2314
2316
2316
2317
2318
2319
2319
2319
2321
2322
2323
2325
2325
2326
2327
2327
2329
2330
2330
2332
2333
2333
2335
2336
2336
2337
2340
2341
2343
2345
2347
2347
2349
2351
2352
2354
2354
2355
2355
2356
2356
2358
2359
2359
2360
2366
2366
2367
2367
2369
2369
2369
2370
2371
2371
2371
2371
2371
2371
2372
2373
2375
2376
2377
2378
2380
2381
2383
2384
2384
2385
2385
2386
2387
2387
2387
2387
2391
2392
2393
2394
2396
2397
2399
2402
2406
2407
2408
2408
2409
2409
2410
2410
2411
2412
2412
2417
2417
2418
2418
2420
2421
2423
2423
2423
2424
2426
2427
2427
2431
2431
2431
2432
2432
2433
2433
2434
2434
2435
2437
2438
2438
2439
2439
2441
2441
2442
2443
2443
2443
2444
2446
2447
2447
2448
2448
2449
2451
2451
2451
2454
2455
2455
2455
2456
2456
2457
2457
2457
2458
2459
2459
2460
2460
2460
2461
2461
2463
2464
2465
2465
2467
2470
2471
2471
2472
2472
2477
2477
2478
2478
2479
2480
2480
2480
2485
2485
2486
2487
2488
2488
2488
2489
2490
2491
2491
2491
2491
2494
2494
2497
2497
2498
2499
2499
2502
2502
2503
2503
2504
2504
2506
2507
2510
2511
2511
2512
2512
2513
2513
2514
2516
2519
2520
2520
2521
2523
2524
2525
2526
2527
2529
2529
2529
2529
2530
2531
2531
2532
2533
2534
2534
2534
2535
2535
2536
2537
2537
2539
2540
2540
2540
2541
2541
2542
2543
2544
2546
2547
2548
2548
2548
2548
2549
2550
2551
2551
2552
2553
2555
2556
2556
2557
2560
2561
2561
2561
2563
2563
2564
2564
2564
2565
2565
2565
2566
2567
2567
2568
2568
2568
2569
2570
2570
2571
2575
2577
2577
2578
2579
2579
2579
2580
2580
2581
2581
2581
2581
2585
2585
2586
2587
2587
2588
2589
2590
2590
2593
2594
2598
2598
2599
2600
2601
2601
2601
2601
2605
2605
2606
2606
2606
2608
2608
2608
2608
2609
2609
2611
2611
2614
2614
2617
2621
2621
2623
2623
2623
2623
2625
2627
2627
2629
2630
2632
2632
2632
2633
2634
2634
2636
2637
2638
2638
2639
2640
2647
2651
2651
2651
2653
2653
2654
2656
2657
2658
2658
2660
2661
2661
2661
2661
2661
2662
2662
2663
2663
2663
2665
2666
2667
2668
2668
2672
2672
2673
2674
2678
2679
2683
2685
2687
2687
2688
2688
2689
2690
2690
2690
2692
2692
2692
2693
2693
2693
2694
2695
2697
2699
2699
2699
2700
2701
2701
2703
2704
2704
2704
2705
2706
2706
2707
2709
2710
2712
2715
2715
2715
2716
2717
2718
2719
2721
2722
2724
2724
2726
2726
2727
2727
2727
2728
2732
2734
2735
2736
2736
2736
2737
2737
2738
2739
2739
2742
2742
2742
2743
2744
2745
2746
2746
2747
2747
2747
2751
2752
2754
2754
2755
2756
2756
2760
2760
2762
2762
2763
2764
2764
2764
2764
2765
2765
2767
2767
2768
2768
2769
2774
2774
2774
2777
2777
2777
2779
2779
2781
2782
2782
2783
2784
2786
2789
2790
2793
2793
2793
2795
2795
2795
2797
2798
2799
2799
2802
2805
2805
2806
2807
2810
2810
2812
2813
2813
2814
2814
2815
2816
2816
2816
2818
2818
2818
2819
2819
2824
2824
2825
2826
2826
2828
2828
2830
2831
2833
2833
2834
2834
2836
2837
2837
2839
2839
2843
2843
2843
2844
2845
2845
2851
2852
2852
2854
2854
2855
2855
2855
2856
2856
2857
2858
2860
2860
2861
2861
2862
2863
2865
2865
2865
2867
2867
2869
2869
2871
2871
2872
2874
2875
2877
2879
2879
2880
2882
2882
2882
2883
2884
2885
2885
2885
2886
2888
2889
2891
2893
2894
2895
2895
2895
2896
2897
2898
2898
2900
2901
2902
2903
2904
2905
2905
2907
2909
2909
2910
2910
2910
2911
2912
2912
2914
2914
2914
2915
2918
2921
2923
2924
2925
2925
2926
2928
2928
2928
2929
2931
2932
2933
2934
2935
2936
2937
2939
2939
2941
2941
2942
2942
2943
2944
2944
2945
2946
2947
2947
2947
2947
2948
2948
2949
2949
2950
2952
2952
2954
2954
2954
2956
2956
2957
2957
2959
2961
2961
2963
2964
2969
2970
2970
2972
2972
2973
2973
2973
2974
2975
2975
2976
2977
2979
2979
2980
2980
2981
2981
2981
2982
2983
2985
2988
2988
2988
2990
2991
2991
2991
2995
2996
2997
3000
3001
3004
3004
3004
3005
3006
3006
3008
3008
3008
3010
3013
3013
3014
3016
3018
3018
3019
3021
3021
3023
3024
3026
3027
3027
3028
3029
3029
3029
3035
3037
3037
3038
3038
3038
3041
3043
3043
3044
3045
3045
3045
3046
3047
3048
3048
3050
3052
3052
3056
3057
3058
3059
3063
3063
3064
3065
3068
3069
3071
3071
3073
3073
3073
3074
3076
3078
3079
3080
3081
3081
3081
3083
3084
3086
3087
3092
3092
3092
3093
3094
3095
3095
3096
3096
3096
3097
3098
3098
3100
3102
3102
3102
3102
3103
3103
3104
3105
3106
3106
3107
3108
3109
3110
3111
3113
3113
3113
3114
3114
3114
3114
3116
3117
3118
3118
3119
3120
3120
3122
3123
3124
3125
3126
3127
3127
3128
3128
3129
3131
3131
3131
3136
3136
3138
3139
3140
3140
3140
3143
3143
3143
3146
3147
3147
3148
3149
3150
3150
3151
3153
3153
3153
3155
3156
3157
3157
3157
3159
3160
3163
3163
3164
3164
3165
3165
3165
3167
3167
3168
3168
3169
3170
3171
3171
3174
3175
3176
3176
3176
3179
3179
3180
3181
3183
3184
3184
3184
3184
3186
3186
3186
3187
3187
3188
3189
3189
3190
3193
3194
3195
3196
3197
3197
3197
3199
3200
3203
3204
3204
3206
3206
3207
3208
3209
3210
3210
3212
3212
3212
3213
3214
3215
3217
3217
3217
3218
3219
3220
3220
3220
3221
3222
3222
3222
3222
3226
3226
3228
3229
3229
3232
3233
3234
3234
3236
3237
3239
3239
3240
3240
3241
3241
3243
3244
3246
3247
3247
3248
3249
3249
3250
3250
3250
3250
3251
3253
3255
3255
3255
3255
3255
3257
3258
3259
3259
3262
3262
3263
3263
3264
3265
3265
3266
3267
3267
3267
3269
3270
3272
3275
3276
3277
3279
3280
3282
3283
3284
3286
3287
3287
3287
3287
3288
3289
3289
3289
3289
3290
3290
3291
3292
3293
3293
3293
3294
3294
3296
3296
3297
3300
3301
3301
3305
3308
3315
3316
3318
3319
3319
3319
3320
3322
3325
3326
3327
3327
3328
3331
3332
3334
3334
3334
3335
3336
3337
3338
3340
3341
3342
3344
3345
3347
3349
3349
3352
3353
3353
3357
3358
3358
3358
3360
3362
3363
3363
3363
3363
3365
3368
3368
3369
3369
3370
3371
3371
3372
3374
3376
3378
3378
3378
3379
3379
3380
3380
3381
3381
3381
3381
3382
3384
3384
3386
3388
3389
3389
3391
3391
3394
3394
3395
3396
3396
3396
3397
3398
3400
3400
3400
3400
3400
3402
3403
3406
3406
3407
3407
3410
3410
3410
3411
3411
3411
3412
3412
3413
3416
3417
3419
3419
3420
3420
3421
3422
3423
3427
3430
3430
3431
3432
3434
3435
3435
3436
3437
3437
3437
3443
3443
3444
3446
3447
3449
3451
3454
3454
3455
3456
3457
3457
3460
3462
3463
3463
3464
3464
3465
3466
3466
3467
3470
3470
3471
3471
3471
3472
3473
3473
3476
3476
3477
3478
3479
3479
3479
3481
3481
3483
3483
3484
3484
3485
3486
3488
3489
3490
3490
3490
3491
3493
3496
3497
3499
3499
3500
3501
3501
3502
3503
3503
3504
3506
3506
3507
3509
3514
3518
3520
3520
3520
3523
3525
3527
3527
3527
3528
3529
3529
3530
3530
3531
3531
3536
3536
3536
3540
3541
3541
3542
3542
3542
3543
3543
3543
3545
3545
3547
3547
3547
3548
3549
3549
3550
3551
3551
3552
3552
3554
3555
3557
3557
3557
3558
3559
3561
3562
3565
3567
3567
3567
3572
3572
3572
3574
3574
3575
3575
3577
3578
3579
3579
3579
3581
3582
3583
3584
3584
3584
3587
3588
3589
3590
3590
3591
3593
3593
3594
3594
3594
3594
3595
3595
3596
3596
3596
3596
3597
3597
3598
3598
3599
3602
3603
3603
3604
3605
3606
3606
3607
3608
3608
3608
3610
3611
3612
3613
3616
3617
3617
3618
3618
3620
3620
3622
3623
3625
3625
3626
3627
3629
3629
3629
3630
3631
3632
3633
3635
3638
3639
3641
3641
3642
3642
3642
3643
3644
3645
3646
3647
3648
3651
3653
3655
3657
3659
3659
3661
3661
3662
3662
3663
3663
3664
3665
3665
3669
3669
3670
3670
3674
3675
3677
3677
3678
3678
3679
3679
3681
3682
3682
3683
3684
3686
3687
3688
3688
3688
3690
3692
3694
3695
3696
3698
3699
3699
3701
3703
3704
3706
3706
3706
3706
3706
3707
3708
3708
3708
3711
3711
3712
3715
3717
3719
3720
3721
3721
3722
3722
3724
3724
3725
3727
3732
3733
3736
3736
3737
3737
3737
3738
3740
3741
3743
3744
3745
3747
3747
3749
3751
3751
3752
3753
3753
3753
3753
3753
3754
3758
3758
3759
3760
3761
3763
3765
3766
3768
3770
3772
3775
3775
3778
3778
3778
3779
3780
3785
3786
3786
3787
3789
3790
3790
3790
3790
3795
3796
3801
3805
3806
3806
3807
3809
3809
3810
3812
3812
3813
3813
3815
3815
3816
3818
3820
3820
3820
3822
3823
3824
3826
3826
3827
3828
3829
3831
3833
3835
3836
3836
3837
3837
3837
3838
3839
3840
3840
3842
3842
3843
3845
3847
3848
3849
3852
3852
3852
3855
3856
3857
3858
3859
3860
3860
3860
3864
3864
3865
3866
3867
3869
3870
3870
3871
3873
3873
3874
3877
3877
3877
3878
3878
3881
3881
3885
3887
3890
3891
3891
3891
3892
3893
3893
3895
3898
3899
3900
3901
3905
3906
3907
3907
3908
3908
3909
3910
3913
3914
3914
3915
3919
3919
3920
3920
3921
3921
3921
3922
3922
3924
3927
3927
3928
3930
3930
3930
3931
3931
3932
3937
3938
3939
3939
3941
3941
3946
3947
3949
3949
3949
3952
3953
3954
3955
3957
3958
3958
3962
3963
3964
3964
3966
3966
3966
3968
3969
3970
3970
3971
3971
3971
3971
3974
3974
3976
3977
3982
3984
3984
3985
3985
3985
3986
3987
3988
3992
3992
3992
3994
3995
3995
4000
4001
4002
4002
4006
4006
4006
4010
4011
4014
4015
4017
4018
4018
4020
4020
4021
4021
4022
4023
4024
4024
4026
4027
4029
4030
4030
4031
4031
4033
4033
4036
4036
4038
4039
4041
4041
4042
4043
4043
4047
4048
4048
4049
4050
4051
4051
4054
4054
4055
4057
4058
4059
4060
4061
4063
4064
4066
4066
4066
4067
4067
4067
4069
4069
4069
4070
4071
4074
4075
4075
4076
4076
4079
4080
4080
4081
4082
4083
4083
4084
4089
4089
4091
4093
4094
4094
4096
4098
4100
4100
4101
4103
4104
4104
4105
4106
4108
4110
4111
4112
4113
4114
4115
4116
4119
4120
4120
4123
4124
4127
4127
4128
4128
4128
4129
4131
4134
4137
4137
4138
4140
4141
4142
4143
4144
4149
4150
4152
4152
4152
4154
4155
4155
4157
4160
4161
4162
4163
4165
4167
4167
4167
4167
4167
4168
4169
4170
4175
4176
4176
4177
4178
4178
4179
4180
4181
4182
4182
4183
4185
4186
4189
4189
4190
4191
4191
4192
4192
4193
4195
4195
4196
4196
4198
4201
4203
4204
4205
4205
4205
4205
4206
4207
4207
4208
4208
4208
4209
4209
4210
4212
4213
4214
4215
4215
4216
4217
4218
4220
4222
4222
4223
4225
4226
4227
4227
4227
4228
4229
4229
4231
4232
4232
4233
4233
4234
4236
4237
4237
4238
4240
4241
4242
4242
4242
4243
4243
4243
4244
4245
4245
4247
4247
4250
4254
4254
4254
4255
4255
4256
4257
4257
4257
4258
4259
4260
4262
4262
4262
4263
4264
4264
4264
4266
4268
4268
4269
4270
4271
4271
4272
4273
4274
4275
4275
4275
4277
4278
4280
4281
4283
4284
4284
4284
4284
4285
4286
4289
4289
4290
4290
4290
4292
4294
4295
4297
4298
4298
4300
4301
4302
4304
4305
4306
4307
4309
4309
4309
4309
4309
4310
4314
4314
4314
4315
4316
4317
4319
4320
4323
4323
4325
4325
4325
4326
4326
4326
4327
4328
4329
4329
4329
4329
4329
4330
4330
4332
4333
4334
4335
4336
4336
4337
4339
4340
4341
4342
4342
4342
4342
4344
4344
4346
4346
4346
4347
4348
4348
4351
4351
4351
4351
4352
4353
4353
4354
4354
4355
4356
4359
4361
4361
4363
4363
4364
4364
4365
4365
4366
4369
4369
4370
4371
4372
4373
4374
4374
4375
4377
4379
4379
4380
4381
4382
4382
4383
4383
4384
4384
4385
4387
4387
4388
4388
4388
4390
4391
4391
4392
4393
4397
4397
4397
4398
4400
4401
4401
4403
4404
4404
4405
4406
4408
4409
4409
4409
4415
4415
4416
4421
4422
4422
4424
4427
4427
4428
4429
4430
4430
4431
4431
4432
4433
4433
4438
4438
4439
4440
4442
4442
4442
4443
4444
4444
4445
4446
4446
4446
4447
4448
4449
4450
4450
4451
4454
4454
4454
4456
4457
4457
4458
4459
4459
4462
4462
4464
4466
4467
4467
4467
4468
4469
4470
4470
4471
4472
4473
4474
4476
4478
4478
4479
4479
4480
4481
4481
4483
4487
4488
4488
4489
4489
4490
4491
4491
4491
4494
4494
4496
4497
4498
4498
4499
4500
4501
4502
4502
4503
4503
4505
4505
4507
4507
4510
4510
4511
4511
4512
4513
4513
4514
4515
4515
4518
4519
4521
4522
4523
4524
4524
4528
4531
4531
4532
4532
4532
4534
4537
4537
4539
4540
4540
4541
4542
4542
4543
4544
4545
4547
4547
4547
4549
4550
4551
4551
4551
4553
4556
4557
4559
4559
4562
4562
4564
4564
4565
4565
4565
4566
4567
4567
4567
4568
4568
4569
4571
4572
4573
4574
4580
4580
4580
4581
4582
4584
4585
4586
4586
4587
4587
4588
4588
4589
4590
4592
4592
4593
4593
4595
4595
4595
4596
4597
4597
4600
4601
4602
4604
4604
4605
4606
4606
4607
4608
4611
4613
4615
4616
4617
4617
4618
4620
4621
4622
4623
4625
4626
4628
4629
4629
4632
4632
4633
4633
4635
4638
4639
4640
4641
4642
4644
4646
4647
4650
4651
4653
4655
4655
4658
4659
4659
4659
4661
4662
4662
4662
4664
4664
4665
4666
4666
4668
4668
4668
4670
4670
4670
4672
4674
4674
4677
4677
4679
4679
4681
4682
4683
4683
4684
4685
4685
4685
4686
4687
4687
4687
4691
4692
4697
4698
4702
4703
4704
4704
4704
4706
4709
4709
4711
4712
4712
4713
4713
4715
4716
4716
4718
4719
4720
4720
4721
4721
4721
4723
4726
4726
4727
4729
4730
4731
4731
4731
4732
4735
4739
4740
4741
4741
4742
4743
4746
4746
4746
4747
4750
4750
4752
4753
4754
4755
4755
4756
4756
4758
4759
4760
4762
4764
4767
4768
4768
4770
4771
4772
4774
4777
4780
4780
4781
4781
4781
4782
4784
4786
4786
4787
4788
4789
4791
4792
4792
4793
4794
4795
4795
4796
4796
4798
4803
4804
4805
4805
4806
4806
4806
4807
4807
4808
4808
4809
4809
4810
4812
4813
4815
4815
4816
4816
4817
4819
4819
4819
4820
4820
4822
4825
4827
4828
4830
4830
4830
4830
4833
4834
4836
4837
4837
4838
4839
4841
4842
4846
4847
4847
4850
4852
4852
4853
4854
4857
4860
4860
4861
4861
4861
4862
4863
4864
4864
4865
4865
4865
4868
4869
4869
4871
4873
4874
4874
4874
4874
4876
4876
4877
4878
4879
4879
4879
4879
4880
4882
4883
4886
4886
4887
4889
4889
4890
4891
4893
4893
4893
4893
4894
4894
4894
4895
4896
4898
4899
4899
4900
4902
4903
4903
4904
4904
4905
4909
4909
4910
4911
4912
4912
4912
4912
4914
4917
4918
4919
4920
4922
4923
4924
4926
4926
4928
4930
4931
4933
4935
4935
4936
4937
4937
4940
4940
4941
4941
4941
4942
4946
4948
4951
4952
4953
4953
4953
4953
4954
4954
4954
4955
4955
4956
4956
4957
4959
4959
4960
4960
4963
4963
4964
4964
4967
4969
4969
4973
4974
4975
4977
4977
4977
4979
4979
4980
4981
4984
4985
4986
4986
4988
4990
4992
4993
4994
4996
4997
4997
4999
4999
5000
5000
5000
5001
5001
5002
5002
5002
5005
5009
5011
5011
5012
5012
5013
5014
5014
5014
5015
5015
5017
5017
5018
5018
5020
5020
5021
5022
5027
5030
5030
5030
5033
5033
5034
5034
5034
5034
5035
5036
5036
5038
5040
5040
5040
5042
5044
5045
5045
5045
5046
5047
5052
5052
5054
5054
5054
5056
5059
5060
5062
5066
5069
5070
5070
5072
5073
5073
5074
5075
5076
5076
5076
5077
5077
5077
5078
5078
5081
5084
5085
5085
5087
5088
5089
5090
5091
5091
5091
5094
5094
5095
5096
5097
5097
5097
5098
5100
5100
5102
5102
5103
5104
5104
5105
5105
5106
5106
5108
5108
5108
5109
5110
5113
5113
5114
5114
5116
5120
5120
5121
5121
5123
5123
5124
5124
5125
5126
5126
5127
5128
5129
5130
5131
5132
5133
5135
5136
5136
5138
5140
5142
5142
5144
5144
5146
5146
5149
5149
5150
5151
5153
5154
5154
5154
5161
5161
5162
5163
5164
5164
5164
5165
5165
5166
5167
5168
5169
5169
5169
5170
5171
5172
5173
5175
5176
5176
5177
5179
5179
5183
5183
5184
5185
5188
5188
5189
5190
5190
5192
5192
5192
5192
5193
5194
5194
5194
5196
5196
5197
5197
5198
5201
5206
5207
5209
5210
5211
5213
5215
5217
5218
5219
5220
5227
5228
5228
5229
5229
5230
5230
5231
5231
5231
5233
5234
5235
5235
5238
5238
5238
5239
5239
5240
5241
5242
5242
5246
5247
5249
5251
5252
5254
5257
5257
5259
5262
5265
5265
5266
5268
5268
5271
5271
5273
5273
5274
5274
5275
5275
5275
5276
5277
5277
5279
5279
5280
5280
5281
5282
5283
5283
5285
5286
5286
5287
5288
5288
5290
5290
5290
5293
5293
5294
5294
5297
5297
5297
5300
5302
5302
5303
5303
5303
5303
5304
5305
5306
5306
5307
5308
5309
5310
5310
5310
5313
5314
5315
5316
5316
5316
5316
5318
5320
5322
5322
5325
5326
5326
5329
5331
5333
5334
5337
5337
5338
5338
5340
5341
5343
5344
5344
5344
5345
5345
5347
5348
5352
5353
5353
5353
5354
5355
5355
5355
5358
5358
5358
5358
5359
5360
5360
5362
5363
5363
5364
5364
5366
5367
5367
5367
5368
5369
5370
5372
5372
5373
5373
5374
5376
5376
5377
5377
5378
5379
5380
5380
5382
5383
5385
5387
5388
5389
5389
5389
5391
5392
5394
5394
5394
5396
5399
5399
5399
5399
5400
5401
5401
5401
5402
5402
5402
5403
5405
5406
5407
5408
5408
5408
5408
5409
5411
5412
5414
5414
5416
5417
5418
5418
5419
5419
5419
5421
5421
5422
5423
5424
5425
5426
5427
5428
5428
5429
5430
5430
5431
5436
5439
5439
5440
5441
5442
5443
5443
5446
5446
5446
5447
5451
5453
5454
5455
5456
5457
5457
5457
5459
5460
5460
5462
5464
5464
5465
5465
5466
5467
5467
5468
5469
5470
5471
5473
5473
5473
5474
5480
5481
5482
5484
5487
5489
5489
5490
5491
5493
5493
5494
5494
5495
5498
5498
5499
5501
5502
5504
5505
5506
5507
5508
5509
5509
5509
5509
5510
5510
5510
5510
5510
5512
5513
5513
5514
5515
5515
5515
5516
5516
5518
5519
5521
5523
5524
5526
5526
5526
5527
5527
5529
5530
5530
5532
5533
5535
5536
5537
5538
5539
5539
5539
5543
5543
5543
5544
5544
5544
5545
5549
5549
5550
5551
5553
5554
5558
5558
5560
5560
5561
5563
5563
5563
5565
5567
5568
5569
5569
5570
5570
5571
5572
5572
5576
5577
5577
5577
5579
5579
5580
5582
5582
5583
5586
5586
5589
5590
5591
5594
5595
5595
5595
5596
5599
5600
5600
5602
5602
5602
5603
5605
5605
5606
5607
5608
5610
5612
5613
5613
5613
5613
5614
5615
5616
5616
5616
5616
5617
5619
5621
5622
5622
5625
5626
5626
5626
5626
5626
5626
5627
5628
5629
5632
5632
5632
5634
5634
5637
5637
5637
5638
5643
5645
5646
5646
5648
5648
5650
5653
5654
5657
5658
5659
5660
5660
5661
5661
5663
5664
5665
5665
5666
5666
5668
5669
5670
5670
5671
5674
5675
5675
5676
5677
5678
5679
5679
5680
5680
5682
5682
5682
5683
5684
5685
5688
5688
5691
5693
5696
5697
5697
5698
5701
5702
5703
5704
5705
5706
5707
5707
5707
5708
5710
5711
5712
5712
5713
5717
5718
5718
5719
5720
5723
5723
5724
5724
5727
5728
5731
5732
5733
5734
5734
5736
5736
5736
5737
5738
5738
5738
5739
5739
5740
5741
5742
5745
5746
5746
5747
5748
5748
5749
5750
5752
5752
5753
5755
5757
5758
5759
5759
5760
5761
5761
5762
5762
5763
5764
5764
5765
5765
5765
5765
5766
5766
5766
5766
5766
5768
5769
5771
5776
5778
5779
5780
5781
5782
5785
5786
5788
5790
5791
5792
5793
5794
5795
5795
5796
5797
5797
5798
5799
5800
5800
5801
5802
5804
5804
5805
5805
5806
5811
5812
5814
5814
5814
5815
5815
5816
5819
5820
5821
5821
5822
5822
5823
5824
5824
5826
5826
5828
5828
5829
5830
5831
5833
5833
5834
5834
5834
5834
5838
5840
5841
5841
5841
5842
5842
5842
5843
5845
5846
5847
5852
5853
5854
5854
5855
5855
5855
5857
5858
5859
5860
5865
5865
5868
5869
5870
5871
5871
5872
5874
5875
5875
5877
5877
5877
5877
5878
5880
5880
5881
5883
5883
5883
5884
5885
5886
5887
5888
5888
5888
5890
5893
5894
5894
5895
5896
5897
5898
5898
5900
5901
5902
5903
5903
5905
5908
5908
5909
5910
5910
5911
5914
5915
5918
5919
5925
5925
5925
5926
5926
5926
5927
5928
5929
5930
5931
5931
5933
5935
5935
5936
5937
5937
5938
5942
5942
5944
5944
5946
5947
5947
5947
5948
5949
5949
5951
5952
5954
5954
5956
5956
5958
5959
5959
5959
5961
5961
5961
5964
5968
5969
5970
5970
5971
5971
5971
5972
5973
5976
5976
5977
5980
5980
5981
5983
5984
5986
5988
5989
5989
5991
5992
5992
5993
5995
5997
5998
6000
6002
6002
6004
6004
6004
6006
6006
6006
6007
6007
6007
6008
6009
6009
6010
6011
6012
6015
6016
6018
6019
6021
6022
6023
6023
6023
6028
6028
6028
6029
6032
6033
6034
6036
6037
6038
6039
6039
6039
6041
6041
6042
6042
6043
6044
6045
6045
6046
6046
6047
6047
6047
6047
6047
6048
6048
6049
6049
6050
6050
6052
6052
6054
6054
6055
6056
6056
6058
6059
6060
6060
6061
6061
6062
6063
6065
6066
6066
6067
6068
6068
6069
6070
6070
6072
6073
6073
6073
6073
6074
6076
6077
6080
6082
6082
6082
6082
6083
6084
6084
6085
6086
6087
6087
6088
6088
6088
6089
6091
6091
6092
6094
6095
6096
6096
6097
6097
6097
6098
6099
6101
6101
6102
6102
6102
6103
6104
6105
6106
6107
6108
6110
6113
6113
6114
6114
6115
6117
6117
6117
6118
6118
6119
6119
6120
6122
6122
6123
6124
6124
6125
6125
6126
6126
6128
6128
6128
6129
6129
6129
6132
6133
6134
6134
6136
6137
6138
6138
6144
6147
6150
6150
6151
6151
6152
6152
6152
6153
6154
6155
6155
6155
6155
6156
6156
6164
6166
6170
6170
6174
6175
6175
6177
6178
6178
6179
6179
6180
6184
6187
6188
6188
6191
6193
6194
6196
6198
6199
6201
6201
6203
6203
6205
6206
6206
6207
6208
6208
6208
6209
6209
6209
6211
6211
6212
6213
6214
6216
6216
6218
6218
6219
6221
6222
6222
6222
6222
6224
6226
6229
6231
6231
6232
6233
6233
6234
6234
6236
6237
6237
6239
6241
6241
6242
6243
6245
6245
6248
6249
6250
6251
6252
6252
6253
6254
6254
6255
6255
6255
6256
6258
6258
6259
6259
6262
6262
6262
6263
6263
6266
6267
6268
6270
6271
6271
6272
6273
6274
6276
6277
6277
6279
6280
6281
6282
6283
6283
6284
6285
6286
6286
6287
6288
6289
6289
6290
6291
6291
6291
6292
6293
6296
6298
6299
6299
6300
6300
6301
6303
6304
6305
6305
6305
6305
6306
6308
6308
6308
6309
6309
6310
6310
6313
6314
6315
6315
6316
6316
6317
6318
6318
6320
6321
6322
6324
6324
6327
6328
6329
6329
6330
6330
6331
6332
6333
6334
6334
6335
6335
6335
6337
6338
6338
6338
6339
6341
6342
6342
6344
6344
6345
6346
6348
6349
6349
6352
6353
6356
6356
6359
6359
6363
6363
6364
6365
6368
6369
6369
6370
6371
6372
6372
6372
6375
6378
6379
6383
6386
6387
6388
6389
6390
6390
6391
6392
6394
6397
6400
6400
6401
6402
6402
6402
6404
6405
6405
6407
6408
6410
6412
6414
6416
6417
6417
6418
6419
6419
6419
6420
6420
6421
6421
6423
6424
6425
6425
6425
6425
6427
6428
6430
6432
6432
6432
6434
6434
6434
6435
6436
6437
6437
6437
6437
6440
6440
6441
6443
6443
6443
6443
6444
6445
6447
6447
6448
6449
6452
6452
6453
6453
6453
6454
6455
6456
6457
6457
6457
6457
6458
6458
6465
6466
6467
6467
6469
6471
6472
6475
6475
6476
6477
6477
6482
6484
6485
6485
6487
6491
6492
6492
6495
6496
6497
6499
6501
6502
6502
6506
6507
6507
6508
6509
6511
6511
6512
6517
6517
6517
6517
6518
6518
6519
6521
6522
6525
6526
6526
6526
6527
6528
6528
6529
6530
6531
6531
6532
6533
6534
6536
6536
6536
6537
6539
6541
6541
6542
6545
6546
6546
6549
6550
6550
6552
6554
6555
6555
6555
6556
6557
6558
6559
6560
6562
6564
6565
6565
6567
6569
6569
6571
6571
6572
6574
6575
6576
6577
6578
6579
6581
6581
6581
6583
6586
6587
6589
6589
6589
6592
6592
6595
6595
6595
6595
6595
6596
6596
6597
6597
6598
6598
6598
6599
6601
6603
6604
6605
6606
6610
6611
6611
6612
6612
6613
6614
6617
6618
6620
6620
6620
6625
6625
6626
6626
6627
6629
6630
6631
6631
6631
6633
6634
6634
6634
6635
6635
6636
6638
6639
6639
6644
6645
6646
6646
6648
6649
6650
6651
6652
6654
6655
6657
6657
6658
6658
6659
6660
6660
6661
6665
6665
6666
6666
6671
6671
6672
6673
6674
6674
6676
6677
6677
6678
6680
6681
6681
6684
6684
6685
6685
6685
6687
6688
6689
6692
6693
6696
6697
6698
6698
6700
6700
6700
6701
6701
6703
6703
6704
6704
6704
6705
6706
6707
6708
6708
6708
6710
6710
6710
6711
6711
6711
6714
6717
6717
6718
6718
6719
6719
6720
6721
6722
6722
6722
6722
6724
6725
6726
6727
6727
6727
6728
6728
6728
6730
6730
6731
6731
6734
6736
6737
6738
6738
6738
6739
6739
6740
6741
6741
6742
6745
6746
6746
6746
6747
6747
6747
6748
6749
6749
6749
6749
6752
6752
6753
6753
6755
6755
6755
6757
6758
6759
6761
6762
6763
6766
6767
6771
6773
6774
6776
6777
6779
6779
6779
6780
6781
6782
6782
6783
6784
6784
6789
6791
6792
6792
6793
6794
6794
6798
6799
6800
6801
6802
6804
6805
6805
6806
6807
6808
6810
6810
6811
6811
6814
6816
6818
6818
6819
6819
6820
6820
6820
6823
6823
6823
6824
6824
6824
6824
6825
6825
6829
6829
6830
6831
6831
6831
6834
6836
6838
6838
6839
6840
6842
6845
6846
6847
6849
6850
6850
6851
6851
6852
6853
6854
6855
6857
6858
6863
6864
6865
6865
6866
6866
6866
6867
6867
6867
6868
6869
6869
6869
6870
6870
6872
6873
6873
6876
6877
6878
6882
6883
6885
6885
6887
6888
6888
6888
6889
6889
6890
6892
6892
6892
6893
6893
6893
6893
6894
6894
6894
6895
6897
6897
6898
6902
6903
6904
6910
6910
6911
6912
6912
6914
6915
6917
6918
6918
6919
6923
6923
6925
6925
6927
6927
6927
6928
6928
6929
6929
6930
6932
6932
6934
6937
6937
6939
6939
6941
6942
6942
6943
6944
6945
6946
6947
6947
6948
6949
6952
6952
6954
6954
6957
6957
6958
6962
6964
6964
6966
6967
6968
6968
6968
6968
6969
6970
6970
6973
6974
6981
6982
6982
6983
6984
6985
6985
6986
6986
6988
6988
6988
6989
6990
6993
6993
6993
6994
6996
7000
7001
7004
7006
7006
7007
7009
7009
7011
7014
7015
7015
7017
7017
7017
7018
7019
7019
7020
7022
7022
7024
7026
7028
7029
7029
7030
7030
7031
7031
7032
7032
7036
7036
7036
7036
7037
7038
7039
7040
7041
7043
7044
7046
7048
7048
7049
7052
7052
7053
7057
7057
7058
7058
7060
7063
7063
7064
7065
7066
7067
7068
7070
7070
7070
7070
7071
7071
7071
7073
7075
7075
7078
7078
7078
7079
7083
7084
7084
7085
7087
7087
7088
7088
7089
7089
7090
7092
7093
7093
7093
7094
7095
7096
7099
7100
7101
7102
7104
7105
7106
7106
7106
7107
7109
7111
7111
7112
7112
7114
7114
7116
7117
7118
7119
7121
7121
7122
7125
7126
7127
7127
7129
7130
7130
7131
7134
7135
7135
7135
7136
7136
7137
7137
7138
7139
7140
7142
7144
7144
7149
7150
7150
7150
7151
7154
7154
7154
7155
7157
7157
7158
7160
7161
7161
7161
7161
7161
7163
7164
7164
7164
7165
7166
7166
7166
7166
7166
7167
7167
7169
7170
7173
7174
7179
7179
7180
7180
7180
7181
7182
7182
7183
7186
7188
7188
7188
7189
7193
7198
7198
7198
7199
7200
7200
7201
7201
7202
7202
7203
7203
7203
7203
7203
7204
7204
7205
7205
7206
7206
7209
7210
7210
7211
7212
7213
7214
7214
7216
7216
7217
7218
7219
7219
7221
7222
7222
7222
7223
7224
7224
7225
7228
7228
7231
7231
7233
7234
7237
7237
7239
7241
7242
7243
7244
7245
7246
7247
7248
7249
7250
7250
7250
7257
7258
7258
7258
7261
7261
7261
7262
7262
7264
7265
7266
7267
7267
7269
7272
7274
7275
7276
7276
7277
7277
7280
7282
7284
7284
7286
7286
7287
7287
7287
7287
7289
7293
7294
7295
7295
7297
7297
7298
7299
7299
7300
7301
7301
7302
7302
7303
7303
7306
7307
7310
7311
7312
7314
7314
7316
7317
7317
7319
7320
7321
7321
7322
7322
7323
7324
7324
7325
7327
7327
7327
7328
7331
7331
7332
7333
7335
7335
7336
7339
7339
7340
7341
7342
7342
7344
7345
7347
7347
7349
7351
7352
7352
7353
7355
7356
7357
7358
7359
7359
7363
7364
7364
7364
7365
7368
7368
7369
7372
7372
7373
7373
7373
7376
7376
7378
7379
7380
7381
7382
7384
7385
7386
7388
7388
7392
7392
7394
7394
7397
7397
7398
7401
7401
7401
7402
7404
7404
7405
7406
7408
7408
7413
7413
7414
7415
7415
7415
7416
7416
7418
7420
7421
7421
7422
7422
7423
7424
7427
7428
7429
7429
7429
7430
7430
7430
7431
7432
7432
7433
7433
7433
7436
7437
7437
7438
7440
7441
7441
7442
7443
7444
7445
7447
7448
7449
7449
7449
7450
7451
7451
7451
7451
7452
7452
7452
7453
7453
7454
7455
7456
7457
7457
7459
7459
7460
7462
7463
7464
7466
7466
7467
7468
7475
7475
7476
7476
7477
7477
7478
7479
7481
7482
7482
7483
7483
7484
7484
7485
7489
7489
7490
7490
7491
7492
7493
7493
7493
7494
7495
7496
7499
7499
7499
7500
7501
7502
7504
7505
7506
7509
7510
7511
7512
7515
7516
7516
7517
7517
7517
7518
7518
7518
7519
7520
7521
7521
7521
7521
7522
7522
7522
7523
7524
7524
7527
7527
7527
7527
7528
7529
7532
7532
7534
7537
7539
7540
7540
7541
7542
7542
7542
7543
7543
7544
7545
7548
7548
7550
7550
7553
7554
7554
7555
7555
7555
7556
7556
7556
7556
7558
7558
7562
7564
7565
7565
7567
7568
7568
7569
7569
7569
7571
7572
7572
7572
7574
7574
7575
7576
7576
7577
7577
7577
7578
7579
7579
7579
7580
7580
7581
7582
7582
7585
7586
7586
7586
7587
7587
7587
7587
7588
7589
7590
7590
7590
7590
7591
7592
7592
7592
7594
7596
7598
7599
7599
7600
7607
7610
7611
7613
7613
7614
7614
7614
7615
7617
7617
7617
7617
7618
7619
7619
7621
7622
7622
7623
7625
7626
7628
7628
7629
7629
7630
7630
7632
7634
7634
7636
7636
7636
7636
7638
7638
7640
7640
7641
7641
7641
7642
7642
7645
7647
7647
7648
7648
7648
7650
7650
7651
7651
7652
7652
7653
7654
7655
7657
7657
7658
7658
7661
7662
7663
7665
7668
7669
7669
7670
7670
7671
7672
7674
7676
7676
7677
7677
7678
7680
7681
7682
7682
7683
7684
7687
7688
7691
7692
7693
7693
7693
7695
7696
7697
7698
7699
7700
7701
7701
7702
7704
7706
7708
7708
7708
7713
7714
7714
7716
7717
7719
7719
7724
7725
7728
7729
7731
7731
7731
7732
7733
7734
7735
7736
7739
7740
7741
7742
7742
7744
7744
7744
7744
7745
7746
7748
7749
7750
7751
7752
7752
7754
7756
7756
7756
7756
7758
7758
7760
7760
7761
7761
7762
7766
7767
7768
7769
7770
7770
7772
7772
7774
7774
7775
7775
7778
7778
7778
7779
7780
7780
7782
7783
7783
7784
7785
7786
7787
7788
7788
7790
7793
7794
7795
7796
7798
7799
7799
7799
7802
7802
7803
7803
7803
7804
7804
7804
7805
7805
7806
7810
7810
7812
7813
7813
7814
7814
7816
7818
7819
7820
7821
7823
7824
7825
7829
7831
7831
7834
7834
7838
7839
7839
7840
7843
7843
7844
7849
7849
7849
7850
7850
7852
7853
7854
7857
7858
7858
7860
7861
7862
7862
7865
7867
7868
7869
7870
7873
7874
7876
7878
7878
7879
7880
7881
7882
7883
7883
7883
7884
7885
7885
7886
7886
7887
7887
7887
7888
7888
7889
7890
7892
7893
7894
7894
7895
7896
7897
7898
7899
7900
7901
7902
7902
7904
7904
7907
7907
7907
7907
7910
7911
7911
7913
7913
7914
7915
7915
7917
7917
7918
7920
7920
7921
7921
7923
7923
7925
7925
7926
7927
7927
7927
7928
7928
7929
7930
7930
7931
7933
7935
7937
7938
7938
7938
7939
7940
7941
7943
7944
7944
7944
7944
7947
7947
7947
7948
7949
7949
7949
7949
7951
7954
7956
7957
7961
7962
7963
7963
7966
7968
7969
7969
7970
7971
7973
7974
7974
7976
7977
7978
7979
7979
7981
7981
7982
7984
7985
7987
7989
7994
7996
7996
7998
7999
7999
8001
8001
8001
8002
8004
8004
8005
8005
8005
8008
8008
8010
8010
8011
8011
8014
8015
8015
8017
8018
8019
8019
8020
8022
8025
8028
8028
8029
8029
8029
8029
8030
8033
8036
8036
8037
8038
8038
8039
8041
8041
8041
8042
8044
8044
8045
8045
8045
8045
8046
8047
8047
8049
8049
8049
8050
8050
8051
8051
8052

8054
8055
190
8055
8056
8057
8057
8058
8059
8059
8060
8062
8062
8063
8064
8064
8064
8064
8066
8068
8068
8069
8071
8071
8071
8073
8074
8074
8074
8074
8075
8077
8080
8080
8080
8081
8082
8082
8082
8082
8083
8084
8085
8087
8088
8088
8089
8090
8090
8092
8092
8093
8093
8094
8096
8097
8098
8098
8099
8099
8100
8102
8107
8107
8108
8108
8109
8111
8111
8112
8115
8117
8119
8120
8122
8123
8125
8125
8126
8127
8127
8128
8131
8133
8136
8136
8137
8139
8140
8141
8143
8143
8144
8144
8144
8145
8147
8148
8148
8148
8149
8150
8150
8152
8154
8154
8155
8155
8155
8156
8156
8156
8156
8158
8159
8159
8159
8161
8161
8162
8162
8164
8164
8168
8169
8170
8171
8172
8172
8175
8175
8178
8180
8180
8181
8181
8182
8182
8183
8185
8187
8188
8189
8193
8193
8194
8194
8197
8198
8200
8203
8204
8205
8206
8206
8206
8208
8209
8211
8211
8212
8214
8214
8214
8216
8218
8219
8219
8220
8221
8221
8222
8222
8224
8224
8224
8225
8227
8227
8227
8229
8229
8232
8233
8234
8234
8235
8235
8235
8238
8240
8240
8240
8242
8243
8243
8243
8243
8244
8251
8252
8253
8254
8259
8260
8260
8260
8261
8262
8263
8264
8266
8267
8267
8267
8268
8271
8272
8273
8273
8274
8275
8275
8275
8276
8276
8278
8280
8280
8280
8282
8283
8283
8287
8288
8290
8290
8290
8290
8292
8293
8293
8294
8294
8297
8297
8298
8299
8300
8303
8303
8304
8304
8304
8305
8305
8305
8306
8306
8306
8307
8308
8310
8312
8313
8314
8315
8315
8316
8316
8317
8317
8318
8319
8322
8322
8323
8324
8327
8327
8331
8332
8332
8334
8334
8334
8335
8336
8336
8337
8341
8341
8342
8343
8343
8344
8344
8345
8345
8345
8345
8347
8349
8350
8350
8353
8355
8356
8356
8357
8359
8361
8362
8362
8364
8370
8371
8371
8373
8376
8377
8379
8379
8380
8380
8381
8384
8384
8385
8387
8392
8392
8393
8393
8399
8400
8400
8400
8401
8402
8402
8404
8404
8404
8405
8407
8407
8408
8408
8409
8409
8410
8411
8412
8412
8414
8414
8417
8418
8418
8419
8420
8421
8421
8422
8425
8427
8427
8429
8433
8435
8436
8436
8438
8440
8441
8442
8443
8445
8445
8447
8447
8449
8449
8452
8452
8453
8454
8459
8462
8464
8464
8464
8464
8465
8466
8467
8467
8468
8469
8471
8474
8475
8476
8480
8482
8482
8482
8483
8486
8487
8487
8490
8494
8496
8497
8498
8498
8500
8500
8501
8502
8502
8503
8504
8504
8508
8510
8510
8511
8511
8511
8512
8512
8514
8515
8518
8519
8520
8520
8521
8521
8522
8523
8524
8526
8527
8528
8529
8529
8530
8531
8532
8534
8534
8535
8535
8537
8540
8541
8545
8546
8546
8547
8549
8549
8550
8551
8551
8551
8553
8555
8555
8558
8559
8564
8566
8566
8567
8568
8570
8570
8570
8571
8572
8574
8576
8577
8577
8577
8579
8579
8581
8581
8581
8582
8582
8585
8585
8585
8586
8586
8586
8588
8588
8588
8590
8593
8593
8593
8596
8598
8599
8599
8600
8600
8601
8601
8602
8602
8603
8604
8604
8605
8605
8606
8606
8607
8607
8608
8610
8610
8611
8613
8615
8618
8620
8621
8621
8621
8623
8624
8626
8630
8630
8630
8630
8632
8632
8633
8634
8634
8634
8634
8635
8635
8638
8638
8638
8638
8640
8640
8641
8641
8641
8642
8642
8644
8644
8645
8646
8648
8649
8651
8651
8652
8653
8654
8655
8655
8657
8658
8660
8661
8661
8661
8663
8663
8664
8666
8666
8667
8668
8668
8668
8668
8669
8670
8672
8673
8673
8673
8676
8676
8677
8678
8679
8681
8686
8688
8688
8689
8690
8690
8690
8691
8692
8693
8694
8695
8695
8695
8695
8696
8697
8697
8698
8699
8700
8701
8702
8703
8703
8705
8706
8707
8708
8708
8709
8710
8710
8712
8712
8713
8717
8718
8719
8719
8719
8720
8722
8723
8723
8723
8726
8728
8729
8730
8730
8731
8731
8732
8732
8734
8735
8735
8737
8738
8739
8741
8741
8742
8744
8745
8748
8748
8749
8749
8749
8753
8753
8755
8756
8758
8758
8759
8759
8760
8762
8762
8762
8765
8768
8769
8770
8770
8771
8771
8771
8779
8779
8780
8781
8787
8787
8787
8788
8788
8788
8791
8792
8792
8792
8794
8796
8797
8798
8800
8800
8801
8801
8801
8801
8802
8803
8807
8810
8811
8813
8813
8813
8815
8820
8820
8821
8822
8822
8824
8826
8826
8828
8828
8832
8833
8835
8835
8835
8838
8838
8839
8839
8840
8843
8844
8844
8847
8847
8849
8851
8852
8854
8854
8854
8854
8857
8859
8863
8864
8865
8866
8867
8868
8868
8870
8873
8875
8878
8879
8880
8884
8884
8886
8886
8886
8886
8887
8888
8888
8888
8893
8894
8895
8896
8896
8897
8898
8898
8899
8899
8899
8900
8901
8901
8902
8903
8906
8907
8908
8910
8910
8911
8912
8914
8915
8918
8919
8919
8920
8920
8921
8922
8923
8923
8925
8926
8926
8927
8927
8929
8930
8930
8932
8932
8932
8933
8934
8934
8936
8936
8937
8939
8940
8941
8943
8943
8944
8945
8946
8949
8951
8951
8951
8952
8953
8953
8955
8955
8956
8958
8958
8960
8960
8960
8960
8961
8962
8964
8965
8966
8967
8968
8968
8969
8969
8969
8969
8970
8971
8973
8975
8976
8977
8979
8980
8981
8983
8984
8984
8984
8986
8987
8988
8988
8990
8993
8994
8994
8995
8997
8998
8998
9000
9000
9000
9003
9004
9004
9005
9005
9008
9010
9012
9013
9013
9013
9014
9015
9015
9015
9016
9016
9020
9020
9021
9024
9026
9029
9031
9032
9033
9037
9037
9039
9041
9042
9043
9045
9045
9048
9048
9049
9049
9049
9052
9053
9053
9053
9053
9053
9055
9056
9056
9057
9057
9058
9059
9060
9060
9061
9063
9066
9067
9068
9068
9068
9068
9069
9069
9074
9074
9074
9074
9078
9078
9078
9078
9078
9080
9080
9080
9082
9084
9085
9087
9087
9088
9089
9094
9094
9094
9096
9096
9096
9097
9098
9098
9099
9100
9101
9102
9105
9105
9107
9108
9109
9110
9110
9110
9112
9112
9113
9114
9114
9117
9119
9120
9120
9120
9121
9123
9123
9123
9123
9123
9124
9126
9126
9126
9127
9128
9132
9134
9135
9136
9136
9137
9139
9140
9140
9142
9142
9143
9144
9145
9146
9147
9148
9149
9150
9151
9151
9153
9156
9156
9158
9158
9159
9161
9162
9163
9164
9164
9165
9165
9166
9167
9167
9172
9173
9173
9174
9175
9176
9176
9179
9179
9180
9183
9184
9185
9185
9187
9187
9189
9190
9192
9192
9194
9194
9194
9196
9197
9197
9202
9203
9205
9207
9207
9208
9209
9211
9213
9213
9214
9219
9219
9220
9221
9223
9224
9225
9225
9227
9227
9229
9230
9231
9231
9235
9236
9238
9238
9240
9241
9242
9242
9245
9247
9248
9249
9249
9250
9250
9250
9251
9252
9253
9253
9257
9257
9258
9259
9259
9260
9261
9263
9263
9263
9264
9267
9267
9269
9273
9273
9274
9277
9278
9278
9278
9279
9279
9280
9282
9283
9286
9286
9287
9287
9288
9288
9288
9290
9292
9293
9293
9297
9299
9300
9300
9302
9302
9304
9304
9305
9306
9306
9307
9308
9310
9311
9311
9312
9314
9314
9314
9315
9318
9318
9318
9319
9319
9320
9321
9321
9322
9322
9323
9327
9328
9329
9330
9330
9330
9330
9333
9334
9337
9337
9337
9337
9337
9338
9341
9342
9343
9343
9343
9344
9344
9345
9346
9349
9352
9352
9353
9354
9355
9355
9356
9357
9357
9357
9359
9362
9363
9364
9370
9371
9372
9373
9373
9375
9376
9377
9377
9377
9378
9378
9379
9379
9381
9381
9381
9382
9385
9385
9387
9387
9389
9389
9390
9393
9394
9396
9399
9400
9400
9402
9403
9405
9406
9406
9408
9409
9410
9410
9410
9411
9412
9416
9416
9419
9419
9420
9422
9422
9422
9423
9424
9424
9425
9426
9426
9429
9430
9430
9433
9437
9437
9440
9441
9445
9446
9446
9446
9447
9448
9450
9454
9455
9458
9461
9461
9461
9461
9463
9464
9465
9466
9467
9468
9469
9469
9470
9470
9471
9473
9473
9473
9474
9475
9475
9476
9477
9477
9477
9479
9479
9480
9481
9482
9483
9483
9484
9485
9486
9486
9487
9488
9491
9491
9492
9492
9493
9495
9496
9497
9499
9499
9500
9500
9500
9500
9503
9503
9504
9504
9505
9507
9507
9508
9509
9512
9513
9514
9514
9514
9515
9515
9516
9516
9519
9520
9520
9521
9524
9524
9527
9528
9529
9531
9532
9533
9536
9537
9537
9538
9538
9540
9540
9542
9542
9542
9543
9543
9545
9547
9548
9549
9549
9550
9554
9555
9556
9556
9560
9562
9563
9563
9563
9564
9564
9564
9565
9565
9565
9567
9567
9568
9569
9571
9571
9571
9571
9572
9572
9574
9575
9577
9577
9579
9579
9579
9580
9580
9584
9585
9585
9586
9587
9587
9588
9589
9590
9591
9593
9593
9594
9594
9597
9598
9601
9601
9602
9603
9607
9608
9609
9609
9611
9611
9612
9613
9614
9616
9616
9617
9619
9619
9620
9621
9622
9622
9630
9630
9631
9632
9633
9634
9634
9637
9639
9639
9639
9639
9642
9642
9643
9643
9644
9644
9644
9645
9645
9648
9649
9649
9650
9651
9651
9651
9652
9656
9658
9658
9661
9662
9662
9663
9664
9665
9665
9667
9667
9668
9670
9670
9670
9674
9674
9674
9675
9675
9676
9676
9677
9679
9680
9680
9682
9683
9684
9685
9686
9687
9687
9688
9689
9690
9691
9692
9694
9694
9695
9696
9696
9697
8052
9697
9699
9700
9705
9706
9706
9707
9708
9708
9708
9709
9710
9710
9710
9713
9713
9713
9714
9716
9717
9717
9718
9718
9719
9720
9722
9723
9723
9723
9723
9728
9729
9729
9729
9730
9733
9734
9735
9737
9737
9739
9739
9740
9740
9740
9742
9743
9743
9743
9743
9745
9745
9746
9747
9748
9748
9748
9749
9749
9749
9751
9752
9752
9752
9753
9753
9754
9757
9760
9761
9762
9762
9764
9764
9765
9765
9765
9767
9767
9768
9769
9770
9771
9773
9774
9777
9777
9779
9781
9781
9782
9782
9782
9782
9782
9785
9785
9785
9788
9788
9788
9788
9789
9790
9790
9790
9791
9792
9794
9796
9801
9801
9802
9810
9814
9815
9815
9816
9816
9818
9818
9818
9818
9818
9819
9822
9823
9824
9824
9825
9827
9828
9828
9830
9833
9833
9835
9835
9836
9836
9836
9836
9837
9839
9840
9841
9842
9843
9844
9844
9844
9844
9846
9846
9847
9847
9848
9849
9850
9850
9850
9851
9851
9851
9851
9852
9852
9853
9853
9854
9856
9857
9857
9859
9861
9863
9863
9863
9864
9864
9867
9867
9870
9872
9873
9875
9876
9876
9877
9877
9878
9878
9879
9880
9881
9881
9881
9884
9884
9884
9885
9887
9888
9890
9890
9891
9892
9896
9896
9897
9897
9898
9900
9900
9901
9902
9902
9904
9904
9905
9906
9907
9907
9908
9911
9912
9912
9912
9913
9913
9914
9914
9916
9917
9917
9920
9920
9920
9920
9920
9921
9922
9922
9923
9925
9926
9927
9929
9930
9930
9932
9935
9935
9935
9937
9937
9940
9941
9941
9943
9946
9947
9947
9947
9948
9948
9949
9951
9952
9953
9953
9954
9954
9958
9959
9959
9961
9961
9962
9963
9963
9964
9965
9966
9966
9966
9966
9966
9969
9969
9970
9973
9974
9974
9976
9977
9978
9978
9978
9979
9981
9982
9982
9982
9984
9984
9986
9988
9989
9990
9990
9991
9993
9994
9995
9996
9997
9997
9997
9998
9998
9999
