6892
1359
1630
1329
9164
1703
2542
8123
2593
2164
6188
1763
1780
9185
7020
2061
7695
8251
8586
918
418
5888
910
3287
9554
6534
154
5123
2625
8214
5297
5091
9705
9267
3394
4427
5457
6635
8001
4089
8162
6697
6727
5273
2611
1251
400
4664
9153
6823
4498
5507
2907
13
6525
9547
4825
1817
206
1879
7996
833
9885
8486
1488
1157
9735
3008
351
4351
4646
4919
4047
4344
4443
5855
5515
931
1550
471
5408
5675
7885
6308
5405
4165
6512
2601
8638
9105
813
740
8466
7987
8182
7527
7303
7112
5952
1346
6536
6023
239
3770
5421
677
13
2824
4784
4597
4074
1904
2336
9930
8958
524
9694
7274
4537
9253
133
7154
6571
9662
2183
8464
2895
4685
5042
7569
9250
8422
97
359
4994
1765
5150
8645
369
2536
9958
9643
1385
2727
1845
7193
809
9249
2448
178
3038
8180
1778
8719
1181
2312
7742
8732
172
5513
339
499
9696
880
1822
4595
2305
845
7032
5388
602
2818
5344
5354
2717
8062
8708
108
5363
8373
6425
8064
6993
6089
4138
9565
2950
9912
7788
5852
8081
7793
7136
2979
3103
9299
9250
3103
8194
5925
127
7070
9341
3276
323
8791
5883
3708
7600
1510
2160
1965
6939
3336
1655
6681
9824
5455
6571
1872
6885
9842
6386
5465
3820
3557
1042
8661
1154
9904
2903
641
2373
1790
5085
6248
2947
917
472
5490
285
348
6947
3454
746
6942
3477
9639
5880
3674
287
3413
3597
7204
6866
4339
1500
1708
9134
8345
7219
2441
5670
5110
848
9569
1551
8235
7844
5736
7910
4150
5712
6546
8641
906
8332
4582
9710
1608
4534
4290
3111
5372
4264
4837
4807
9782
6914
9037
7879
1858
2038
5614
833
103
8467
411
326
2793
1193
7092
3611
4860
7676
2988
4205
5654
4131
5845
1893
4494
495
410
2839
6519
1801
5113
1972
6291
180
2972
0
4342
2434
8019
3470
8521
6387
4031
1591
2134
823
237
2457
7799
6213
1037
4604
6902
5572
2942
5440
5632
7558
1959
466
6315
789
3109
5341
3520
7174
9500
3037
7911
970
1148
3663
3407
3922
6722
3093
8438
675
8359
22
8651
9263
8585
8801
493
3699
484
6753
4447
2704
5613
940
5580
3120
9579
2742
545
8634
9346
1156
6539
5489
7149
1114
9613
5926
4471
6245
3741
4030
7527
4292
4876
6303
1638
7761
2721
5316
2029
6318
2882
319
144
5595
6654
4270
689
8835
217
4726
9410
438
8900
6620
491
6626
1064
6611
3092
5066
1423
9231
1055
9609
3664
1304
5718
9327
2069
4954
5084
9450
298
2153
2387
5632
6068
8498
649
5161
956
9965
607
2457
1575
7775
3593
5819
8019
139
4731
2249
7216
1576
1477
2871
120
8606
8109
3104
3164
2826
1942
2889
9565
2929
4154
1
6708
2786
8409
4314
1198
6435
2606
4033
2104
285
7306
2296
1827
4836
8688
5238
2627
286
7340
8308
922
9878
1681
4328
2316
840
9789
126
7630
9676
5179
3250
2480
9696
3732
5355
1413
893
4963
6209
7803
8332
5364
5871
7787
513
7544
9555
3422
3541
1256
9107
5369
4930
3188
5034
9847
5544
2183
9743
8082
4141
648
726
7886
6272
7199
1584
9586
7454
2577
6718
9844
3598
7323
7539
9151
8599
2311
1207
6867
2225
78
311
1898
8216
7754
3402
2130
2653
4390
5183
3740
6216
5717
9986
1984
7272
5948
3197
5227
7818
125
5179
9574
2424
9937
6680
7476
664
6417
6324
3096
2566
4432
342
8480
3644
5944
7565
2306
7693
2672
9426
3937
9377
8136
8601
9020
6314
7121
8535
2371
8966
2699
2861
919
8093
9867
546
7629
8122
3305
4351
1583
8551
3220
3907
1055
5073
3490
7591
6105
8218
8504
6508
4532
1853
6211
5600
3444
8540
9616
5872
2735
4613
5422
5991
4201
211
7518
2325
223
8433
164
4955
9981
3113
989
3410
7740
4314
6188
9227
6364
265
7555
6177
3561
3326
6522
5530
5373
4959
9087
973
2594
619
8331
6334
2274
156
9373
3253
7629
6943
3381
236
4422
9088
9455
7287
6603
9278
2041
1357
7231
973
5363
2565
8677
9259
7106
748
2891
5482
1249
9651
7921
9564
3877
3557
3604
8093
2540
6134
5660
8074
5665
1607
4878
831
958
485
846
6910
5998
5091
9765
7324
3437
8828
1163
7093
5791
922
1394
9984
7482
804
3246
5629
7938
4865
9556
9706
5903
7372
5310
9429
3004
7376
7401
4668
1470
8098
4043
6288
2623
1150
1700
6328
3686
2154
5392
8194
2117
1575
8838
4532
6047
693
7840
5937
612
886
8503
23
4298
4059
8154
5124
1529
4058
7899
3641
2019
3153
4662
2855
3247
6196
6015
6054
3265
8259
5671
7205
6423
1735
5194
9179
8290
9579
5736
9500
6063
5303
2367
6023
369
4167
977
7580
5981
3114
3607
6507
6834
7430
6866
2807
8483
153
4489
2570
1538
971
8660
7138
6858
4271
5108
4553
7769
5944
5661
7090
9448
2504
7297
3503
9321
5316
2314
5824
2668
3043
7043
5622
7198
2789
7907
6869
2254
7057
9128
9479
29
1174
6700
3646
1794
3443
7590
5554
5303
7554
2096
600
1811
4382
4880
9203
3237
5014
9974
4020
377
7850
1297
13
5675
2002
974
5972
4021
430
5038
8099
3670
1784
3186
8668
2050
9734
678
2905
7760
8459
23
625
1380
4333
6674
839
8297
8401
5883
7453
4842
3698
5927
870
6989
7265
9094
8088
9004
5959
4704
1856
8690
9381
8731
8800
4879
1900
294
5331
3720
1769
9733
8001
5406
8520
1034
510
6969
2057
2860
1437
336
2752
7015
8691
3736
5510
1792
742
7287
6798
5602
1459
6259
7282
2202
206
8572
6298
2443
5252
2995
1070
847
7213
2054
8932
2316
9662
6745
7203
7886
2282
1058
4264
9590
968
640
5045
2799
6432
3753
5239
2856
5104
2783
4449
8899
2843
3423
6132
5834
7680
2774
5984
5464
9288
255
9108
7915
4713
1149
8833
836
2936
9762
269
4216
6123
3642
5347
519
1852
6087
9847
8758
4042
6073
5719
3483
4874
1545
7981
2421
5338
4227
8946
517
5622
5710
2605
380
4244
1882
3432
3347
4329
1588
1107
8641
671
9288
6418
2253
8254
6180
2465
8400
5078
8981
3400
5701
4511
4817
3786
2977
9000
5616
6119
2089
1164
4167
7778
9124
6850
9458
6268
4094
2355
6910
6495
5509
8055
8960
8471
2116
7496
1493
6234
6634
7352
7031
185
742
5823
8969
9982
7745
7436
9504
1429
568
5132
6254
9768
6389
5961
7819
2674
7849
6889
8546
1957
6888
4488
9877
5766
17
9120
6174
8886
2904
9828
4580
5196
497
5484
8502
7630
4011
3659
7415
3775
599
8140
1350
8930
9988
4507
8376
4316
3657
5504
7060
7976
4862
790
8107
6308
2439
393
5779
5288
6589
4830
1198
535
1467
9852
459
8749
6050
8888
4953
7369
7401
4272
307
933
9477
1021
5197
9584
5841
7467
426
3692
4474
548
7415
8275
1578
4808
5399
6084
7519
2281
5771
9068
6150
8515
8205
8240
3753
6457
8010
8903
3171
1322
8155
8708
8156
1939
4222
6128
9670
6894
822
6838
8962
3207
6587
6088
3583
7887
5854
4768
512
3642
6222
5424
1081
3572
2176
4715
3638
4384
9311
540
9032
7760
4704
9844
4861
4512
912
2114
7963
1725
5804
7402
168
1716
4365
6728
7849
9684
7070
9901
8741
197
6011
7416
5765
2690
6984
8673
411
6002
3595
7038
4364
2565
1495
8408
5228
4986
7333
5976
6004
4557
4033
4827
1250
6988
5551
1221
3661
2011
329
241
5842
1038
9094
6070
8961
6948
3736
5126
6334
2083
1937
5040
8036
6126
2179
2341
8156
4547
9571
1240
9286
2000
2409
3406
9026
2214
7431
36
5054
342
5828
672
2124
7160
5171
4208
9630
9739
5877
6271
6545
887
8487
6502
5123
1437
5465
3391
8227
4320
5389
788
3076
9549
7896
7558
7805
5045
2088
3514
4912
3291
1122
4429
5877
6201
3527
6457
2530
477
8610
8607
6777
5249
929
7940
126
8120
1629
8969
7779
7188
4103
4306
355
4021
5345
4488
4615
5036
2423
921
936
2157
7448
9917
8914
2467
3381
516
2944
2061
3476
1867
5274
1238
5937
2862
264
2147
4290
7495
3058
3125
357
8004
7926
5294
2585
6727
3204
1680
4198
8071
2601
8993
3290
7459
5318
187
4720
5271
6045
1375
3807
1575
1560
5610
5788
5560
1622
8512
2925
2014
1090
5125
7276
8336
9953
9947
8932
4632
3096
1333
970
4502
8232
2041
2299
8756
7127
292
2942
1093
4588
8968
9110
6118
3063
2129
3479
8902
5242
6789
8066
8242
1448
1225
9998
6233
7913
7968
5429
8894
5527
7438
4792
1932
9416
4155
6576
3572
4168
2308
3026
6993
4754
7163
206
9213
8586
4926
8181
3484
3499
5973
4404
8998
504
2661
8593
3443
9729
2322
2161
4894
3620
593
2755
3212
3645
3179
9709
2774
7180
3293
8465
9969
4914
3836
7883
7823
3287
7894
1914
9966
9114
1396
7528
4015
4342
6348
3928
8577
6270
6851
8235
1404
5797
144
1071
6201
780
8955
709
5902
6041
3780
6893
248
5376
2736
4064
6417
5089
9357
3722
5473
5277
5399
5858
6128
2278
676
4935
665
3379
825
6952
8555
4237
912
6752
9913
2200
9601
1357
5905
9377
765
1548
4266
1745
9465
9330
2086
4363
71
9785
3047
1240
8305
4325
3790
3500
1967
6002
526
1268
6408
4588
2863
2111
1572
3179
6511
1078
1568
665
5826
3881
395
6592
7066
3976
3069
4709
9651
6810
8264
8203
8949
766
7622
5142
9020
1740
738
7517
1668
9446
755
3547
1517
9520
6402
9746
5582
8041
1804
3820
2534
5013
5011
7327
8910
9049
2464
4284
8571
3379
9891
1477
6655
659
3083
6665
9791
7529
6736
7613
6047
9004
9406
760
2777
900
3964
811
4268
9846
6410
3659
8753
6458
5290
7100
2121
5561
1172
444
4307
5144
6749
9322
7626
2956
9907
5697
1626
7545
2831
4228
8531
7739
6061
4232
5638
2896
2935
2232
3308
7904
7741
1081
3206
154
4977
8156
4031
2060
4079
3465
7022
6046
5338
8925
4440
7324
2370
9651
5394
8014
2273
1080
9060
1686
5412
4830
3848
9238
279
3695
8002
3467
9769
828
4346
4953
7087
4593
164
7301
5316
8198
7441
8953
6286
261
9630
7943
7484
8626
2426
1438
5755
7596
2438
5842
5192
2447
4596
2443
5616
9571
5090
1852
8371
1605
6784
445
790
2912
9740
8712
9112
3464
2751
4861
877
4243
5121
6946
5334
5460
5015
6555
9953
9236
8653
2241
4796
9423
2494
4274
7125
25
6432
9542
5277
4283
3197
8585
9900
206
4379
2777
7998
9363
6957
3662
1786
8652
1955
6113
5875
4746
6941
4330
8567
8004
8941
1818
8661
1857
1753
5857
4459
3363
6719
3165
5070
2672
3396
6721
5571
3454
4405
7405
9514
5402
335
9935
9978
549
2393
3110
9687
6315
2079
831
1328
4289
6970
7134
7157
3594
9322
75
3190
4167
4341
6758
5015
7785
6170
3016
7888
8356
5646
6088
4864
322
2520
1126
4993
7392
5000
9767
598
4841
3041
4238
913
2541
9416
9844
5762
8222
5140
8211
42
2663
9109
4549
9710
5626
6530
8803
7206
6564
3018
5805
532
7198
924
2630
3970
67
3986
7592
5909
3913
2488
8875
8638
9230
7067
5501
2687
5505
9708
3471
3995
9753
2067
8380
453
214
9249
503
5194
3266
1774
2384
6443
9300
5616
6082
8787
961
7901
3436
7671
4479
6232
4186
3595
7335
6263
5679
7617
7590
8901
497
8300
4352
9587
1601
6595
2034
6986
5766
225
5059
2828
2181
2488
405
6824
95
1798
5838
7036
4295
4144
4094
9012
9790
2460
4876
9920
8381
5131
6129
564
8127
6610
5441
4954
9352
793
769
1058
133
4220
4521
4937
6625
9840
2232
7831
546
3344
8878
306
9550
1493
4203
4896
8317
8020
8225
778
4940
8417
6344
1053
3675
5297
5358
1402
852
1661
7112
9500
6968
5746
8730
9881
5096
6982
9839
8866
605
693
4342
1669
452
9305
5385
5634
7017
3096
6747
1402
8735
6727
5645
5443
8570
9068
764
4664
5257
322
7915
3181
6147
5494
4473
3681
1357
8638
3327
844
7493
7672
2088
2359
3406
4464
7117
1051
1624
6700
4924
2882
8635
4882
2980
6746
1872
4665
2016
5896
8700
8940
1358
2985
3194
587
1866
3651
5748
4956
9403
5514
4510
4111
9978
8206
9679
4383
9147
2818
4524
9235
6634
3815
7907
3941
3427
3255
9729
8666
1965
5054
1248
3984
2756
2211
6353
7766
3857
8532
6338
4532
1817
5583
1676
1244
7295
5469
7019
9400
4550
4712
7882
9123
1624
7166
3259
7444
924
3262
17
6084
2359
6542
8570
4289
8497
8159
459
2683
2371
8233
7594
9323
842
3824
9634
8820
3163
2568
4999
81
6291
7332
135
8334
7657
3753
3000
1523
2611
7778
83
8603
1426
9773
5533
2915
8859
946
3214
1597
1026
1236
8144
6356
693
8640
4182
58
7874
6818
7670
3678
4518
5527
3909
5833
4868
8094
9917
2471
9422
9687
5213
3602
946
3885
7085
8266
1652
1376
2029
8370
164
1498
9577
3908
5980
7668
7579
6420
7449
7057
2781
6305
9251
1224
5304
4392
4010
47
9631
1827
159
6434
1137
3647
1676
4547
4719
2779
2049
7804
9499
7500
3852
2192
8920
8125
8932
3247
5076
4692
8274
4792
1823
768
1917
2617
5670
5310
8688
577
4481
7979
3594
9143
3493
2292
7442
7748
5750
4393
7701
9483
1341
576
2718
1640
2162
6949
2704
7814
5526
4959
4979
3131
1232
7262
2280
6990
5682
1105
2427
5209
2071
7044
8644
1625
6043
6710
6650
9314
3591
184
3813
656
7543
1474
4430
2456
7802
7999
1109
221
3430
3593
1215
2478
2661
8912
6106
732
2608
3395
3358
9706
294
385
6209
285
2073
9337
1511
7651
3541
8317
7029
8303
2205
6037
688
5570
8741
4704
4439
8327
4374
1461
842
5765
2513
6536
8085
9319
8243
9577
9165
6151
529
8582
853
390
5489
9984
7517
8681
6868
2843
3864
5358
4020
3086
8345
9356
549
9099
3338
9816
4491
8361
1208
9508
2313
4476
6574
4626
33
9286
9644
7734
2861
6631
7795
2297
7928
624
9568
4954
3113
3430
659
3790
6253
9905
5275
1753
9841
6644
6193
6581
6009
5239
6701
8047
3056
4960
3464
9377
28
592
2351
7449
9469
9241
4336
2153
7202
3341
5765
6824
9863
1458
8074
8710
1023
1890
9308
5724
5499
9343
8224
5442
596
8052
878
90
2970
6102
4104
8921
5273
5033
2090
7398
853
5471
2944
5387
1875
955
3262
6041
4275
9156
3584
1384
7661
1141
2031
3131
1767
5473
2205
3378
8672
6836
7917
1017
3852
8452
8706
3790
3325
5094
5378
2000
7658
9005
4182
7378
1774
9998
849
591
5712
3471
2858
568
4427
9213
2008
4633
5961
445
874
41
4753
8042
5360
5728
9049
1645
2857
8771
9194
1467
5097
5322
8847
3176
1303
7731
9913
7049
9937
3584
9315
8263
1964
8171
668
3407
988
1785
7222
1447
5579
7484
8762
459
7114
1843
2598
5829
2354
1693
4597
2747
7429
4346
73
3507
1158
3618
3175
385
7810
4462
1502
7713
7641
3220
5030
863
461
6801
5297
515
9318
5279
2433
5211
3151
6966
9318
8737
2417
1551
7810
2220
8025
2563
7451
1234
6648
8610
6299
6746
8344
9663
1000
2511
982
1240
587
2417
401
980
3071
8678
5997
2981
9912
3806
1363
3725
9454
1172
537
7293
1364
5184
457
5865
3417
3529
8193
455
8155
3288
3095
70
1794
920
1063
4379
496
5337
9978
7158
4659
7587
4100
2451
7925
8632
6923
2397
6289
6258
8047
1229
8337
3372
5802
8896
2456
6589
7813
9878
8601
2078
2692
7095
7026
8141
1983
2608
5033
2170
6942
2587
9010
3167
6577
220
2026
8668
6633
4952
9123
1696
1798
6049
2956
6388
7070
9916
9851
1649
2103
7379
8586
594
4001
6501
3052
8676
2563
4731
5626
8345
7216
4071
5423
3100
5126
8901
6060
5759
1603
5875
2872
3073
4564
9053
744
1051
3147
4369
8551
4809
1468
113
6242
6646
308
9782
9843
2399
7687
3985
8519
1418
6676
7182
4574
2688
711
402
4879
2581
9500
4275
6678
8297
7307
6342
7451
470
3796
4258
1631
5322
5543
4196
2693
9311
7264
1645
2507
101
9470
9110
9764
961
6799
3140
6052
4542
8474
9941
4039
1170
3368
1946
4542
1324
5711
687
4807
9257
6061
2581
7592
2150
7581
5073
5495
6864
7385
2222
89
4503
2909
701
4565
9969
7075
2477
4100
3947
2513
5653
2632
1257
8011
845
7814
7007
1157
2893
2369
1176
4442
2621
8420
6291
562
9788
8268
6383
8435
797
1712
6155
6759
3163
654
4207
8598
9197
9875
4409
5072
8852
5926
2816
3193
9345
3217
645
5265
2371
2541
231
5167
2303
490
8661
9433
7320
3496
7518
9411
5326
1077
340
8898
2883
2242
3199
9819
8888
964
4286
3708
1782
9253
8409
3335
1416
1908
5954
1463
262
4383
3241
2480
5293
108
8206
8728
2586
4911
1586
5947
3349
9114
4262
3263
3642
967
1733
2534
1922
5659
6430
9337
6032
1704
6233
1319
5544
4898
2330
5530
6234
8843
5859
8082
5276
3662
6660
4544
6741
2356
1182
6033
5046
7702
2550
8581
7555
9039
309
8283
4255
3549
9723
1323
2886
261
7299
9743
2099
5040
1346
1535
786
7237
8313
8936
7920
1476
1499
9208
2910
1645
7816
6904
3221
1659
2087
5958
4067
3984
5282
4974
2371
861
3643
613
5419
7246
733
1682
6671
5377
8077
6617
979
6689
8111
4581
5069
2739
5669
3810
105
1356
2898
5076
1782
5325
8813
2727
2589
3820
8769
7572
9474
9424
4833
44
3219
5512
6857
1732
8334
4873
8015
9278
4496
4227
3545
5648
7575
7662
9176
8018
1624
6518
1217
4729
5613
4720
9389
700
8726
1944
134
3471
3120
2137
7394
5396
8164
5192
4620
5498
8342
6045
6925
8527
5373
6894
378
4442
7650
9898
6359
6958
7058
8287
6825
172
830
4281
4697
9720
1442
3400
757
3829
450
2188
7200
5376
2687
880
586
2182
2937
3616
2762
6419
5231
7000
6631
5928
675
650
8934
7928
4297
6044
3294
9487
7373
2828
1863
9279
2867
6256
1457
521
266
1358
8049
3301
8170
5797
374
2926
1053
7783
6762
7788
1706
547
3380
7135
5708
3987
5418
5268
7857
1711
3683
2952
1854
2347
9179
839
3520
852
368
1631
5549
6658
4537
8646
6889
8267
6262
356
2485
6613
9426
1615
6849
805
6229
3297
7218
1144
6310
7640
2623
5676
4750
4650
9221
5885
7527
7394
7579
4024
8868
4587
2688
7949
410
5704
9359
6934
8988
4830
6485
8590
6612
4063
9209
6944
9277
8788
3754
5085
1326
8038
4839
5881
4641
7913
1975
131
3905
1861
1688
2143
6337
7698
6677
5650
954
4815
5377
1945
3021
1887
3536
2535
5814
4209
3045
521
7873
8427
5942
2295
6726
9058
5820
8377
6592
7481
2534
1715
1436
4467
989
3727
957
6630
3985
5782
3548
9887
3971
3114
4268
1803
8364
2947
4556
3081
1226
8788
8453
1818
9675
3753
2931
6178
1970
1184
5169
4670
4359
6305
6893
4625
7979
6266
3914
9293
4905
8748
5908
2011
6231
4860
4767
9543
6252
6502
1544
4571
4444
437
6221
7941
7678
3400
3176
2760
3870
1377
6742
3852
4207
8703
7542
2499
1192
9926
9790
2954
1807
7336
2503
2199
708
18
9000
2213
6004
6677
2784
6954
5870
6416
861
8305
2609
119
5161
4024
9908
5474
2516
56
7728
4820
1725
3292
9400
1813
218
9761
5129
1039
5000
1977
8844
3138
9900
4091
680
7636
9495
2506
7540
344
6440
2240
5034
9098
4683
8968
743
5749
255
5989
6207
2865
1590
418
7518
7116
6437
6262
7017
9716
8187
6739
2163
8990
9183
2108
3340
5430
2754
7985
4067
7651
163
2392
9963
7654
3073
5834
5612
5391
1387
4903
1233
7372
4963
5846
6287
815
7938
3213
1765
3579
1685
6970
7614
5163
2900
3244
1251
3871
9123
9297
1726
2548
978
3420
8522
1246
8511
5666
5814
7700
9515
2754
3208
1369
5738
9343
6222
9906
9060
9387
4847
3337
9961
1281
7489
7037
257
4271
2531
7716
4768
7166
6634
4670
5017
2656
9818
7735
2090
6581
8282
9528
1477
9850
4026
8794
8926
4879
3584
2553
752
3778
4285
8545
1659
7437
8319
6968
1416
697
7599
6872
8797
5230
8299
3431
2779
328
7118
5348
3156
3287
9851
7135
3579
35
1129
5078
1396
4170
744
1400
6618
2760
3186
2472
3711
482
4348
4912
2222
4415
235
5215
2252
4403
500
9329
1389
3625
7884
2537
4819
2988
7150
621
2145
4770
75
526
8222
9158
9259
9219
9670
7520
7441
5169
986
4387
8221
425
1430
4195
876
1374
1875
8049
9306
4049
1171
5605
8919
2491
9674
3703
9078
3606
6541
4746
5778
248
9314
7957
8412
1550
2423
9966
960
9409
3550
2693
5302
9879
390
9355
5732
7640
6805
3294
3008
2795
2961
4562
4562
477
8526
1677
2888
1486
3665
7342
500
7704
4356
4347
8224
5196
8514
807
514
2123
4066
2540
7914
3165
8880
9098
40
978
7222
1372
9194
9059
8667
6211
8115
6660
9202
9441
1224
3048
8707
7028
9572
7489
8838
734
7931
4659
8731
5149
1899
467
8071
9579
5102
5617
7865
7732
1724
3919
2411
4127
7262
7165
2564
8220
1837
6339
7418
137
9929
8090
6421
1600
7509
2695
9486
3696
6224
6309
2086
5814
2879
8926
883
6279
4069
7653
3941
4621
4
6611
2519
4957
7373
893
2321
3105
1940
7550
5162
8150
1407
22
3131
4196
9165
2447
1583
3013
9667
8615
4006
7684
1089
3743
5625
3812
7140
5871
4344
10
3476
5235
7854
6840
5550
2455
8870
5094
2156
1370
5591
6703
9695
7314
9387
6437
9375
3068
1101
578
169
2813
7937
1661
3319
154
4093
1925
4990
3873
7173
2877
5153
499
6597
6708
1682
5918
6007
6432
1353
4298
4500
9990
6365
864
2263
8408
5887
8482
1565
75
1446
7867
3801
6004
1508
1540
644
3215
9864
9824
2305
8316
5901
6277
3567
5831
976
8152
4247
6705
7150
8755
2901
6048
1100
6437
9396
6928
8080
7894
8418
1012
9261
5877
4595
2685
4716
8673
2561
5510
7893
2928
2928
9642
3901
6447
2816
3010
1834
6919
3596
2431
5217
6472
6175
8512
3920
4101
1718
673
6136
1883
9888
2704
4178
7183
6194
4909
4163
6292
7096
4877
9514
6629
5878
27
3574
5509
460
7452
948
5680
3272
733
1045
2830
4325
9227
2895
3540
497
7359
8826
6598
8060
724
3499
7805
2460
8566
9645
7073
5805
6873
8986
8851
9078
8867
3098
4698
1336
2551
1059
952
2111
5855
9166
7736
1515
3397
3626
5430
8744
8462
810
9066
7512
596
3129
99
2739
5806
9150
6572
4741
6526
2954
846
1430
4022
1534
7298
4951
296
9690
5425
4167
4361
5792
970
357
6402
8695
2463
1392
4371
2204
9788
395
8547
1218
9524
1020
9016
5130
7322
179
5615
9870
5786
488
4329
7111
7682
4317
6595
1374
4592
6738
9648
2544
3257
1832
8693
8058
2658
3357
1536
5764
4559
5414
3974
7258
8150
1131
6792
3157
3087
7243
5169
4937
554
145
1503
8887
1309
2318
4507
7203
3721
86
4886
8064
9096
4551
1410
214
6917
2035
2763
1878
4519
9743
9904
6596
3451
7107
6674
9123
6734
9730
6072
2143
6212
9620
3259
1348
344
959
6517
7052
8208
9445
5537
853
2491
2358
79
688
6154
4853
8679
5766
8137
7416
6119
9477
9257
682
4586
4104
5563
123
4887
6405
970
2327
4067
8720
7397
851
2948
3597
8057
6019
4756
9859
3623
5737
9966
7756
5383
2073
2216
6824
8712
4424
2028
4545
98
5698
1733
6137
8490
5146
2387
4687
5362
9948
9818
3169
4075
6286
6717
9003
199
2166
9187
5470
3823
5333
7636
3596
8318
6657
754
9488
9225
5696
6806
2410
9723
5056
1973
5880
560
2579
9999
2640
5326
728
7301
3530
1292
2437
5988
1642
9536
7312
3186
26
1496
1037
9700
9863
3396
1026
3977
1650
8238
550
4679
6391
3704
935
3008
3786
385
9963
8960
4685
3971
1215
2310
2638
1564
6251
5869
8189
8630
6310
8022
620
8229
358
2227
1631
5853
8303
210
7170
8558
973
2068
7770
5389
4029
8857
3043
3840
7269
3738
9737
3013
5860
6083
8723
8607
9476
4491
4809
6255
2044
6673
1286
9371
4370
2885
3752
7565
7614
1296
7956
1403
249
3536
4711
7838
1460
6276
2952
9873
6869
5457
3081
1000
3724
6719
9852
8906
5509
1651
65
6349
6006
1849
7613
6685
6471
9149
3831
4712
7521
2310
957
4409
2543
6752
4755
3567
6289
9637
6443
4457
2064
6888
112
1344
2092
2701
7164
9649
6352
6424
9754
7589
7719
3248
8038
2767
4120
8304
3136
8738
9053
7930
1071
5964
930
40
2722
5683
8664
1633
1553
4635
4793
964
5539
3489
7189
2099
6569
5926
3531
4639
7927
6203
7540
6156
1891
9302
6218
2690
5766
6895
4038
1871
2623
6073
2054
6108
3143
6016
8429
5146
687
4491
7188
8280
7029
110
7358
8581
2742
4304
1818
7084
9837
4803
5473
3057
9801
4373
8879
4854
1421
2434
8559
3930
7697
8148
2623
255
6342
5576
9379
7302
7479
2158
3381
9881
5259
285
490
405
8071
7408
6911
3106
3775
7169
8082
913
3549
3617
9549
8897
7242
9921
3486
909
5738
7328
7250
6517
9861
7297
2271
1032
6047
4967
3265
6203
7464
576
1212
569
255
5020
8640
5766
4018
9049
5883
7137
8145
7725
7752
9830
1361
1950
7413
8798
9068
9729
7186
1940
1765
5821
6773
3412
3241
2123
9211
9665
7521
1021
3289
1939
7556
3352
1760
6028
7130
9503
7887
4742
9851
1901
6882
8315
4709
47
6681
2608
4269
6331
275
7966
2012
7681
7577
574
8699
4573
3927
7889
2106
8214
1765
2601
5401
3527
516
2280
3018
1911
5811
9827
2765
5446
8049
3410
1835
1558
8749
5446
9471
4275
1114
8888
9342
7585
3102
5738
4375
5106
1145
1372
4326
1536
3027
4302
5234
5677
7022
7821
4886
2692
8955
9196
5821
4923
8600
6927
4438
5320
7111
8087
215
3613
1354
7541
7166
625
9306
9357
9043
6589
2982
4633
7209
1759
4617
5702
3779
222
836
7327
1923
5228
1579
2069
1182
289
5532
4167
3915
4137
8745
2356
1226
6060
1159
6170
7569
8709
7839
4953
3218
2194
4721
2746
8056
7511
5657
1430
9136
4895
6810
6820
7493
2433
6
8402
2099
3787
751
7070
4861
621
7576
8546
394
2852
7157
6427
3610
1153
8498
8148
7287
7542
8847
5812
1959
8588
2568
4176
1757
9892
7778
6254
9935
1704
337
6583
3938
5197
6631
1864
8529
9848
4120
8534
2333
5418
4377
6299
9614
6665
9542
2193
888
2812
6626
1530
3353
770
7161
714
7790
4048
2834
9137
6981
6757
9664
1513
2894
5516
1784
6552
9818
4430
316
2914
9542
1633
3606
5231
6113
4208
3249
3044
5480
552
1648
8529
2146
3837
9074
1894
6359
1159
4893
307
1149
76
7767
4762
8826
9691
5108
7363
701
8290
5018
204
1384
1245
8272
2651
70
6892
4869
6482
9242
2511
3612
8621
8952
1089
8821
3866
2860
9902
7623
4374
1320
2129
554
528
5660
7663
2897
1388
4478
1914
6420
6407
4329
4051
2284
5506
705
4863
2231
9229
8564
4869
4075
4401
7468
3953
8839
441
8898
376
9781
7742
5308
6728
7628
7310
3319
4587
562
5481
3632
5353
5279
295
8923
9126
9964
7449
599
287
5914
9419
9273
8028
8800
3074
9621
4323
7852
456
8235
6009
9722
8593
2381
6805
9714
9976
5343
7475
7420
7691
4055
2706
7775
5409
1940
1403
2487
548
9563
5790
7492
1998
9053
7386
303
84
676
2105
1336
8041
332
2902
1098
4081
286
1740
7632
259
2504
9260
2449
4969
9224
4490
9031
6007
9591
8357
1806
7014
274
9713
1047
9836
1236
8787
2412
9914
1584
4152
4494
2354
8953
4786
1434
1858
7652
6049
5466
8449
469
4681
1223
7989
2503
9461
3708
559
504
4857
3927
6036
3024
1052
2632
4232
1794
1306
7724
8585
7642
3684
4979
4933
7543
5170
2701
569
8306
1383
1763
9192
5100
9951
8530
6708
4935
4456
9954
1068
8011
4601
484
7921
3992
7555
6779
3958
3931
9187
1666
1429
2633
4865
3531
9096
360
6985
1255
8442
9085
2724
7761
9163
1920
9777
2036
7641
7516
981
301
8994
3955
668
6012
6179
9935
6346
4
59
466
3939
4050
5265
4687
3411
6122
4254
9697
5900
4236
729
3081
9642
4326
1678
2277
8036
4355
6457
6124
9697
641
9717
54
627
5408
6780
3688
9461
422
4585
9357
7341
2512
4098
3968
3982
3203
7803
7911
1006
8977
3481
2041
6222
8759
5077
1791
8635
1682
8520
1992
1775
9665
6425
1591
3733
5206
6304
8792
968
8951
8742
5936
3670
8161
5563
8577
902
5052
6404
9052
6467
761
5231
7729
9828
5847
9668
4674
7322
837
2170
4727
8965
3682
3362
554
1603
6929
1860
5874
1830
7433
1317
1117
4721
5816
2658
3893
383
3143
9419
854
544
4408
2303
1494
288
7708
9519
5746
2614
6401
1714
8154
6070
7432
8501
4755
9219
3301
6236
8971
2581
5776
7466
921
402
6329
6345
273
5949
9512
4454
9959
4760
5154
2972
1036
6982
2600
5515
212
2386
7321
1268
5192
3893
9207
2869
9094
1304
1959
1996
86
215
2242
2377
1832
4830
921
3316
1481
6179
2277
7752
4805
6671
4300
3371
9974
8234
5104
6779
3706
402
4433
5734
9890
1896
5747
2949
4567
647
3898
9175
6392
8306
8273
7862
2062
696
2059
4632
4048
7670
3473
2229
7970
1018
3209
6831
1784
6720
2567
786
233
6747
9214
2490
9567
4017
4143
9740
2250
6531
6722
1794
2836
392
2834
3958
4191
4677
7299
3289
2091
7483
6831
7537
6308
9069
1133
7677
183
9068
339
2662
1317
9952
4514
3877
4113
7862
5280
3579
4083
5105
9796
9728
223
9422
5753
6155
8175
8280
6021
2539
7517
804
6932
3296
1485
810
3277
2105
7655
8641
8550
6811
4674
9382
3699
2282
8908
8937
1578
8343
3094
8788
5138
5062
9644
1288
4346
2107
2083
2565
3590
433
7450
8102
7347
710
4531
7224
6332
9863
5707
9941
1333
3267
5173
9440
4469
1422
3157
4479
4513
4245
3255
7744
6706
9080
4960
7114
7161
2329
493
2769
425
1472
3528
1141
8402
1816
6329
808
7774
7610
568
8762
1364
1667
8960
2963
4730
3877
1007
5164
8200
807
8779
4986
7048
1034
1759
5176
9113
4713
5218
4096
3778
11
3816
5781
2979
7241
5762
3488
8168
4838
5329
3157
6711
5600
3400
1026
5992
7522
4319
2756
5460
3859
3860
6117
6118
2143
3420
6166
6575
1279
2743
2004
4422
2535
5665
9994
5595
8765
3812
9123
2764
7825
5515
6507
6657
9853
3826
2065
5970
2810
9161
1051
1833
6476
3751
9190
2882
4076
2715
2423
3855
8864
5742
8131
3463
6152
8468
424
8574
2280
6114
6102
7744
8029
2041
446
9015
878
9872
6341
8717
705
5840
996
1131
2054
2632
960
8127
900
6993
2529
444
1918
3212
6241
3004
674
1016
6050
6080
4606
1599
3724
2232
4879
4080
4499
2637
2855
3095
9713
3964
8762
776
7221
1646
4981
9164
1495
1954
8092
3234
8918
8844
5599
1974
8273
6102
440
6047
3102
2548
6115
5009
5834
5894
3818
8243
2734
1543
6028
396
7482
6819
2458
9207
7920
2133
4254
9781
3296
7885
6088
8705
8028
7617
2854
7598
8663
9643
2431
7501
7071
6144
988
4539
5539
3136
5219
2391
9139
1417
1586
8033
2819
198
69
3374
619
9269
8467
2376
3358
5302
2651
3251
3589
4208
1799
8602
6056
158
602
9575
568
9446
9499
4305
5419
169
3966
8336
1653
550
8811
9564
6208
3962
5502
611
4936
2306
2810
9482
3398
7553
4250
1643
9622
7452
8854
7356
7751
8899
3678
8464
7214
4218
5238
999
3287
3270
8958
6465
9514
7619
5133
5183
5014
4209
5626
554
3117
4480
1894
7373
3835
7568
7321
7693
355
1739
5815
490
2488
7166
2815
9565
4325
1522
3536
7249
1675
8969
7880
3038
1141
1204
4795
7824
2168
3618
6492
486
4732
4450
1067
1975
9713
3625
8411
1951
4176
8975
1871
1670
3264
9940
1904
1826
4210
9680
9293
931
9225
9080
8240
4684
9801
3437
5017
6066
4043
3006
4874
4284
1034
1789
733
7850
1197
6255
4213
7634
177
2205
9424
9158
8482
7064
7622
7682
6967
5706
6018
1185
4871
359
4617
7455
763
6209
7947
5688
274
6651
1525
6783
9835
5077
3745
8588
9650
8951
603
3677
5898
7161
4864
1277
5843
30
357
5553
2969
2689
4257
383
5801
5352
3001
7674
816
3525
1174
3320
7233
5052
6932
2692
7331
7006
3097
8511
8293
6371
496
4242
3071
4391
8802
3006
918
8075
9473
7796
8475
9836
2192
1985
6322
4369
6865
865
9146
4398
3900
7093
749
757
7961
3631
4917
6428
5403
249
9385
7289
2601
6293
1987
3914
3706
2255
5760
818
1213
5935
3763
1166
2914
3275
1462
261
9399
9897
718
6477
8979
9394
7065
6923
2409
8770
1191
2946
4666
924
5986
1389
4522
8107
6444
9639
4781
8323
9492
215
9997
1349
4388
506
1035
9521
4169
9048
1119
4726
2768
5769
7902
965
9274
3520
808
1844
9884
3045
890
2446
7413
2561
9334
1367
6492
6178
1885
734
694
9055
7895
8523
3073
7861
8815
8551
8193
527
7277
1355
148
1540
705
5457
6707
5467
713
1751
1095
6873
879
7586
3046
7947
2050
5022
9881
959
7408
7683
6363
9708
7485
7524
3920
7475
3378
9330
4559
7421
660
5229
5678
1907
1664
6282
6968
7325
3665
7647
9406
7506
2925
1099
1591
3470
6850
1908
3189
7794
5176
8504
9014
9300
3715
9989
8995
3751
6152
7428
1849
8294
9593
3711
3809
6378
2479
2852
5518
5468
8275
8577
5283
2627
9097
6767
5054
6878
9609
9836
8005
2094
7083
1024
9420
8907
8335
9617
3599
6983
4470
6258
9250
2527
1328
5830
2947
4605
3139
994
6008
2347
3284
9473
9723
4226
5190
7457
8159
928
1196
7210
1261
3080
7228
5903
9376
5523
2371
4541
2153
5989
5135
4256
1519
1755
764
2869
2022
7504
8510
1002
59
4446
5800
2514
4890
4353
6263
6645
6125
3255
7951
7699
7089
1156
5535
9385
5510
1586
3891
8668
7219
2454
8518
1603
8611
6206
3490
2577
6672
9990
9782
8911
8730
4233
7746
2153
4468
6069
7266
4847
7900
3559
6453
6731
3653
6870
7001
7490
9475
1035
4756
4899
1986
5822
977
2765
1682
6556
9686
5166
3187
2564
3518
9877
6010
2145
5608
6441
5293
1393
5594
1970
1393
7477
67
9749
3389
4225
540
6046
2826
3747
9946
9078
6698
9760
372
4931
1057
1498
5995
3870
3957
8030
4618
4912
7774
2569
4731
7430
4233
3627
2260
7284
1455
3300
6252
4054
7277
858
5230
3921
6527
7453
7641
3240
2190
2961
2865
6042
9748
955
2726
4472
6216
5303
4190
5124
1818
806
7058
1526
9180
1141
2418
8136
2442
7144
7286
1585
4280
9045
610
8447
5959
8029
4580
9469
3860
6918
1757
3988
5165
6771
1850
3966
3921
2949
8623
6485
3363
2138
3279
9850
4217
948
1674
754
2839
7317
931
1643
9540
7222
9100
6748
5142
919
2304
346
7071
4384
3949
5543
7331
2694
2093
8324
9412
3322
7087
7768
3388
6475
2071
5865
6198
220
9982
8854
682
8080
1815
9015
8419
9505
2352
1148
9167
6335
5841
4595
4066
4822
1268
2805
5399
889
8464
9151
7381
1035
4964
7935
7977
7804
2941
8276
1030
9344
3092
5400
8341
3547
1815
3930
378
9497
6066
1299
5030
186
2330
1083
5971
3226
7542
1956
2319
5983
5242
5091
2023
1212
5569
6703
6847
1106
3318
514
8668
8341
9823
156
2703
3565
199
7415
7758
9267
7927
3222
4192
2427
9520
3558
8868
8770
7831
7078
638
7404
3389
1187
1216
8288
7802
7388
7345
3952
6550
2661
6749
352
6883
3222
5513
1735
8315
3891
1553
9907
2113
9527
8944
5607
3126
9961
6042
6704
3403
2385
3737
6549
2366
9220
4819
2844
1283
4682
468
4746
9680
6305
9405
8482
6693
5306
1961
8943
5798
4706
472
7261
7878
7499
3466
6369
6898
9896
5113
1016
7927
5992
5379
1421
1792
5305
2579
868
2816
7422
1403
2948
2009
2795
9312
3250
3815
8445
3890
1736
1325
9718
2263
7476
3753
2006
3971
3501
597
7494
389
5888
4941
9390
7521
440
2089
1047
8998
7276
4806
3578
6555
3107
3557
3462
8443
7154
8863
3457
9481
5382
419
7126
1154
8541
3118
8029
5294
7999
7046
3384
4834
7770
6419
3881
1846
4795
6730
1009
4142
1048
5128
6595
9815
3706
535
1495
2991
1608
9120
9739
7569
7198
9437
516
6620
9884
5401
850
7648
619
727
5697
8884
2747
2732
9996
5910
3608
8074
4812
3184
8267
4361
4894
595
7933
8148
1186
8899
54
9470
847
9247
4547
9567
4036
1915
4309
2287
4794
4284
6854
5453
5590
7119
8983
2764
6586
310
1173
5739
2715
7424
4891
8943
13
2996
6560
7568
1530
9658
8976
6397
2418
3286
7577
3228
2091
9330
4348
2258
5290
9318
1283
1835
2746
2727
8098
3543
3849
457
8886
4786
7587
6738
5658
46
6853
8621
3688
238
5443
1064
9564
1345
1286
6138
2292
5897
3629
3460
8244
2856
8404
6467
1111
2742
5394
6175
7167
1906
7772
3028
3837
226
1431
5274
5436
2712
923
6755
5416
5539
3331
6496
8204
3503
8832
2928
2697
8698
829
5799
9410
6804
62
5238
6372
3282
5713
4381
6820
5679
407
7834
5632
384
4524
7756
6711
7202
6737
6425
7860
8355
6731
9144
8581
6537
9173
2203
2459
8051
5088
2605
1050
6666
2042
4388
5680
531
2588
4083
3603
5956
6974
5439
1746
5648
53
2556
3149
4241
6749
5011
9857
2017
6449
5570
4363
3813
6039
7088
5646
5271
2121
7883
3184
8910
2814
4592
8638
9548
4215
3014
336
8884
3381
7368
9352
661
9607
1853
2019
584
8849
2262
7714
82
9689
4467
786
3910
5451
2898
6039
5930
4237
581
9560
8260
7164
8511
2035
8322
757
8923
7089
7731
5040
168
8260
6372
8630
7621
3629
6730
7923
4501
4651
3481
6390
5935
6830
7456
726
3045
7401
6466
6191
3119
5077
8753
3370
884
6226
9816
5098
7204
4600
9749
5283
4084
4108
2001
3669
6454
2319
8606
6918
2485
5120
6636
5389
9466
6290
5895
8810
4110
9496
9601
228
6029
2156
7783
6330
5075
1775
2131
9995
166
5626
9790
9538
4511
8068
4975
6888
2118
7180
1253
1149
1209
6390
9757
5185
568
6739
5344
9645
1905
6952
9723
5519
2163
2209
7804
9314
6129
750
7527
9676
6661
6155
610
49
2653
1262
2547
5076
9639
6218
7572
8350
4309
4192
3760
71
9053
5493
6973
8865
9408
1166
854
8549
1477
2407
8307
5189
2033
5572
5911
5136
517
1583
8854
1892
6259
4080
9745
8621
2526
1051
8128
5596
6766
9282
8666
4515
3949
2651
6820
7180
289
461
2548
9785
2678
7556
9920
8967
5959
4404
1784
9292
4057
9242
2317
4815
8613
9117
6988
3222
8015
4243
6811
9402
3143
5233
2719
8312
4668
6555
488
4721
5240
5993
8521
7648
8156
7258
8792
2667
7784
3970
4702
3123
8535
8719
2075
2854
8549
8073
8633
3332
2606
9880
9467
4334
1301
1856
1475
5402
7981
5367
6333
9491
1064
7799
9563
6062
7657
894
509
3255
6456
802
4140
8969
465
8275
7652
4365
489
2537
8604
5626
1983
2988
4723
7611
1771
7843
2073
3582
9238
5668
5303
7144
8117
1049
4572
7414
659
5188
9589
190
3529
4505
583
1172
5005
8362
5164
2408
4677
1168
3992
5149
4054
9765
2375
5877
1661
1870
7478
5047
3289
821
202
3907
6852
8934
4128
44
3836
4175
6738
7812
5666
7562
67
6565
2525
295
1335
8379
1900
9954
466
2304
4487
36
4796
2431
7744
4806
3197
1482
6700
9056
2555
3543
824
2911
3949
3029
3577
5285
2634
989
180
2570
3187
5971
6567
1904
5898
6939
2066
8052
3758
9000
8069
8768
7780
7567
8792
6606
3971
8219
4257
3079
7004
9354
2581
5946
8164
6309
1838
7944
8528
9372
2261
3435
268
9184
4301
1159
9864
7706
9148
6569
5663
104
806
2636
773
4904
5207
1610
7532
1997
4189
6831
3315
1967
5888
9594
9788
7167
4335
1821
3368
199
7944
4819
8290
960
132
8673
9477
141
9853
8469
5306
7701
6892
8219
5586
702
2371
8655
908
4149
6612
2700
2387
3114
828
7587
7351
3127
3712
3127
8695
3345
6994
949
5736
504
9920
9810
1445
2489
2441
9532
5731
2546
77
9042
1790
3765
1408
2159
7574
86
7978
1410
688
607
6318
2457
7786
1075
8005
4204
1807
8702
8710
5510
3795
3707
6581
2141
5740
2016
85
5027
5757
900
3547
453
1552
7505
4481
9920
4446
9748
7939
6964
462
1186
9833
9473
6425
9140
3954
4686
4006
5682
1417
9016
9127
1726
2663
759
6846
1207
4372
2973
6349
6927
9611
775
3833
7878
6698
5526
2298
6117
4787
6839
1186
3622
6434
910
3239
4000
9258
6082
2639
9633
4750
3617
1095
4069
1593
4212
9056
3363
6187
158
6710
342
2497
6526
2510
3608
3360
1939
9788
1034
8029
4655
3150
1457
8780
4116
9849
2699
7923
636
3502
384
1161
4565
3400
723
369
5720
1972
6038
2957
1354
4893
2333
945
3084
1284
2283
6518
781
9033
3690
6711
3504
5000
8822
9835
1544
7234
5288
4415
1711
8119
401
1983
870
989
9740
1041
423
9120
6598
1519
8454
9078
5097
3919
2134
2366
9556
8896
760
4788
1814
275
813
2451
1305
2228
8349
696
2124
9283
5761
6782
8729
8243
9802
9612
4805
8111
6964
3239
7365
8292
917
9717
334
6927
9024
207
9749
6867
8278
4354
2837
8951
7516
1907
5310
7466
3719
924
6443
6164
8644
4584
9132
506
2580
8758
1778
6477
6996
7261
2073
4128
8155
3293
4191
2532
2557
9949
9571
8211
1789
6375
2345
197
6047
2556
1642
4513
3419
7733
6055
244
2461
5095
9422
3463
7433
6434
1702
6368
3483
4806
965
3768
2973
4115
2113
4996
8099
4428
8642
2578
7248
7782
6022
210
9947
6067
2991
8350
6059
8133
8695
9192
5919
4337
6755
8735
7499
18
9142
1404
8813
9063
8956
4431
9902
3258
3655
50
2292
8734
422
262
4739
2340
4433
8658
6755
8410
2818
469
3293
9777
9997
9876
7104
505
7888
532
2448
9771
501
5526
9822
242
692
5498
818
6487
4629
8801
3924
9688
2660
6499
667
8149
2221
4953
4397
1047
1095
5833
1973
8748
4189
7676
6818
8579
8919
7645
5884
1264
6039
6704
9105
6957
544
9084
9102
3790
9089
6774
6281
5567
7422
4076
5707
9580
4623
9515
6267
2477
370
2590
5637
2715
1196
5235
8234
6099
4589
9355
3761
6807
7154
4926
6763
635
1139
761
1204
8835
2284
6133
2934
6150
521
2293
8327
878
2043
5628
8050
95
455
136
7971
9378
5374
31
9692
2062
7063
8500
2117
1201
6536
4262
1136
208
4259
4006
154
41
893
1283
8670
2209
5114
3411
7587
2303
6532
2768
5942
9588
2747
9932
5586
5685
9846
9747
7451
3334
4263
220
5931
7445
7245
2843
1988
6320
259
5606
6724
628
4902
4946
7510
724
6579
857
9876
7122
6335
3098
1066
3805
3856
2782
1015
8695
3416
6338
3485
2305
4051
7974
7
9461
2774
3280
6074
9328
7031
7502
6052
3114
539
3847
3153
2243
2394
9516
3037
204
447
8624
5428
1887
8059
752
9492
1804
2954
5201
5796
5826
7949
9718
8158
4774
4262
7355
6231
3170
9379
6065
6400
6301
3921
4997
4629
9507
6929
3183
659
2865
3128
9748
2166
2335
4593
969
5951
8970
2125
1269
6741
669
715
2289
883
2459
4114
4782
4607
7756
7930
2275
1723
4018
3035
1586
5316
4438
9486
8566
3064
4852
3839
6124
8293
96
8100
8634
4988
643
71
4672
5508
406
399
5002
5002
2793
5949
3551
2118
1553
9410
9337
8010
1884
3150
289
4467
3826
3603
6710
5634
1642
5368
6330
9844
2070
6890
5577
6445
7708
76
1575
8596
8801
2367
7813
8008
7588
828
7040
1232
8229
9966
3078
8159
9344
1374
6421
2102
1482
422
4354
4644
1575
5494
3491
4105
9333
3269
7898
8440
776
8175
3630
1882
1795
5693
4231
8144
6000
1699
4470
8496
8092
2690
8719
496
5266
4894
5108
8161
4498
6153
959
2451
1006
1438
3243
9782
2369
9930
9264
1536
188
9061
9897
9611
2478
2575
7843
1910
896
1413
8261
1339
1690
898
2439
2177
1509
4466
8400
5976
7870
7250
1200
65
5780
4195
3174
3184
7614
2062
4255
8602
5020
977
7388
4152
1832
120
5358
7166
8936
7078
9185
149
6452
8306
1074
6356
62
767
8414
7294
6867
2260
6649
5428
1532
2010
4616
7883
3233
8212
6283
5688
1035
6152
6779
9048
2580
6091
555
2973
8510
7164
3838
2738
7244
5910
9189
4127
7201
5177
6419
8920
467
3394
5759
4608
3019
4679
7669
2267
9037
1471
2042
3184
1166
1038
4041
8221
2326
4206
9343
310
4900
5752
3679
2197
4568
3874
3587
341
6753
2355
7121
7130
6068
1954
9381
3159
1461
8749
1408
9507
1989
5637
6877
5286
9529
4918
3596
6717
7106
804
3021
9533
4382
3200
3562
4564
8427
3899
1425
5834
5795
8322
6077
1127
4569
1575
816
2303
1726
8144
8143
7432
5855
7352
3050
7036
799
9140
7382
9370
2461
5536
2521
7078
9074
6776
882
7041
2665
8227
7650
4611
267
2905
1355
4277
6598
3701
3411
7019
3065
2981
1908
9742
5487
3102
2564
1448
9349
2957
9101
184
329
8840
3688
2294
1650
6627
698
625
9446
9263
7803
7427
2332
3229
3038
6006
879
3456
3506
3551
4155
7327
9381
7129
2551
3946
4640
6893
6447
7284
7075
3165
764
6255
6237
3648
1762
2806
6887
9639
3255
9475
142
6558
8347
3457
3212
799
3864
5035
4450
4240
9927
2579
9364
8108
3196
3472
6945
4703
6528
4942
3229
5739
7577
345
109
2360
6792
8436
4670
7433
4222
5427
5970
3449
1404
7210
136
3267
4214
6684
807
2705
2
4245
230
1389
1619
8771
2283
5971
2221
6239
7039
3639
4340
5002
2795
819
8886
2050
113
1817
33
9524
1848
3895
9074
6363
7493
9240
5707
470
8787
7302
2432
6104
5120
5246
2991
6521
1875
5980
8441
90
7357
7429
7969
9110
411
4772
8224
8083
4661
4780
7155
2104
151
5164
5602
4409
6073
7648
6893
3661
9708
4804
6469
2497
372
3027
1220
3029
1261
1358
7258
1300
4747
5081
4421
1649
7858
7599
8796
2764
6638
2885
6056
3140
5968
7948
1183
535
8630
2080
1999
8421
2502
9774
516
6915
4551
7554
4310
7499
6443
3102
7106
1616
8045
5254
1026
7231
7443
9304
9580
7217
4128
8298
7636
637
6937
6604
6639
9338
1649
8412
6565
2162
3588
1336
994
9667
7996
6925
9145
6559
83
2319
3717
9779
486
9330
4718
8356
8227
7460
7300
6085
3887
8605
2699
6869
1189
4223
7876
1254
8654
3176
3523
936
2410
3878
34
84
3785
2058
3873
6597
4969
3605
6344
3328
2764
3327
3116
1748
2069
7590
2825
1484
6222
3747
8994
2146
6457
6937
2914
4846
7586
7063
5886
523
8669
4205
8553
3210
2049
3867
9587
9121
8608
1268
8399
9531
1186
9393
6096
8835
525
9970
7247
1531
6851
8096
3180
5462
5544
1166
4366
1830
7839
9982
9752
1631
752
9920
987
1035
167
8404
674
279
508
5761
6094
8074
5467
7182
5758
2885
9136
6685
7018
6086
2833
3160
7532
8343
7287
4691
2460
1939
9737
5969
9463
1849
455
7907
6219
2793
6321
7179
8930
2587
6930
8494
3384
8271
6092
328
2154
1230
3633
9818
781
2480
891
4622
2520
9911
9545
4315
5408
5241
2598
1284
6718
8059
7015
1210
8414
632
8097
9074
5399
5281
5621
6866
7618
1694
6842
1876
5785
9682
8005
3421
9597
6701
8182
7303
6947
2444
5794
3706
445
523
8873
5194
6305
8314
2020
730
4984
7181
1629
158
6101
5933
3434
4014
8655
6620
4183
2918
9373
5558
7311
1210
8046
8082
7079
2567
5602
1928
1863
4181
1016
317
4309
4889
388
5114
4448
6134
7036
2939
375
1443
8064
819
3108
5144
8820
9644
6296
8418
6412
4780
1283
7094
8723
9571
640
946
5543
6273
7339
1071
5828
7397
5824
2947
3995
847
7665
9699
735
167
8084
8181
4781
1015
6455
3171
9973
1955
2609
8139
7225
9353
5510
7780
7617
9619
7638
7212
712
7578
2402
9516
7574
1556
924
5421
7179
5582
59
9491
2085
244
6808
9815
2910
9005
8600
4451
7638
885
8502
983
9096
5394
8939
8344
5579
599
845
2552
2471
7590
1217
305
690
5168
2143
3290
9319
3369
3985
9948
609
9287
3687
654
5577
2089
9562
4909
2378
4229
8634
3608
7437
8697
6007
8807
7030
4242
8649
9067
6714
8987
8044
1488
1739
781
5723
8304
2802
2661
6599
2737
2120
8180
6437
1070
8801
1584
418
3412
7286
4567
1795
4227
5613
9923
7101
7316
6646
7257
8045
2313
3124
5372
7206
2879
6823
5727
1669
1121
2498
3479
8050
2311
7550
7214
1125
4955
1818
5300
3283
8252
8125
1632
8964
2571
8634
4741
9057
2707
1391
9503
15
3590
2074
7917
6595
7954
6199
1480
7105
9378
4602
8689
7093
6208
870
4330
669
6761
5001
4874
337
1001
2420
8452
9248
5030
8090
4401
6696
8008
4180
9513
6402
7317
846
8017
2327
9707
4178
3679
4771
2647
3167
9337
2997
8290
6725
8651
895
1147
7200
1783
1265
6048
7423
2710
1740
8534
128
9389
742
4264
1129
9867
5401
8283
3845
7534
711
272
8922
2294
3759
6243
1283
1249
4997
9425
1743
4229
5569
8694
6101
4685
7030
6692
9857
122
8893
5280
7376
7275
6781
9078
1252
9912
6793
2220
5908
1399
8407
1652
2932
1649
9977
1243
4668
2175
5337
6639
7319
2606
6277
5854
7994
1681
6533
5977
4543
5734
9461
9719
2974
1761
2499
8054
679
4820
4023
1532
7582
4160
970
3052
739
469
4388
9572
5309
5605
2438
5954
6082
7335
4928
7447
565
6728
6897
8676
5613
875
9321
2737
430
4977
7708
5549
5815
6324
5893
1775
9991
7949
3236
138
5516
1893
5446
704
3737
4185
1423
6509
8068
4758
9223
3396
6985
20
5822
2472
382
5344
2797
928
997
7457
5355
6557
8055
7211
648
8696
7203
9922
7962
7380
4659
5286
2945
4515
1623
4397
8425
7429
7744
2959
4380
3419
187
7947
8385
2185
4743
2406
9029
8345
5925
3939
3572
1436
2156
2910
4260
8732
1574
6531
9135
6782
9691
716
8779
5619
5560
5431
1175
1389
875
2502
5268
6894
2093
8895
8605
3195
1340
6452
2629
8064
6372
9677
460
4590
9818
4129
973
1007
2261
3620
2599
1450
4329
1578
1942
7490
8353
9194
4445
1993
3048
765
4531
689
9509
8630
4647
8723
5616
4284
3840
4329
7109
1634
4502
5045
3140
9287
7239
8197
5763
3353
4999
286
3217
21
7607
917
807
2745
832
4893
6285
9947
9484
4874
4837
578
9602
6436
5464
2706
2044
3575
7068
7477
5014
55
7071
6117
8854
7137
1395
1558
3682
1021
582
384
6802
4816
8172
1066
8147
3789
5419
3122
7717
6379
8051
1097
6034
3378
1576
6107
2540
623
989
9468
9041
9767
5247
5070
4061
7353
6091
3663
6685
3435
1453
1791
6635
550
9814
4816
6747
6526
809
3974
3217
7849
3490
6126
5036
7522
3155
2218
5603
6453
9661
6954
2875
1146
8599
3527
6338
2975
478
9288
8267
2813
9962
7944
998
4973
824
7615
2523
4179
4457
3772
1203
8088
1558
932
931
2230
7982
5044
1654
5741
4910
3891
5558
5795
7228
5459
439
1639
9825
3542
4528
3574
6688
7820
999
3319
3206
1019
9015
1185
6928
2824
2673
5804
1604
305
620
9925
8781
7853
4106
3147
2246
4027
9593
7974
8690
2023
9890
8663
9782
1563
5521
6794
8500
8178
7634
5417
901
2663
5060
4810
6865
7421
4813
4137
5102
7368
4666
7024
2051
632
1969
5842
9320
6517
6453
5447
6028
5718
437
2657
7938
4364
7314
8718
1082
1419
7834
4326
1543
3865
3446
7556
4002
3023
5724
242
6506
2845
9634
6205
501
4777
8384
1143
2728
2855
5664
1595
8447
7237
3189
1963
2058
6845
7973
7749
2069
6206
7349
308
6658
3220
5103
7011
2884
7523
2306
4716
5210
2819
2983
3455
3479
1429
1483
254
3466
9764
1390
5765
911
6823
9126
1575
8593
1827
2560
8915
6058
2621
1461
8037
6824
7772
4309
4041
8334
8045
9619
9851
5188
720
3677
1754
8172
4336
5894
3594
5315
9632
8929
5705
8143
209
8828
5353
1531
2608
967
2092
2924
6300
4431
8206
5151
5589
8476
7628
3506
4992
4483
9362
6684
6855
3721
2130
9753
6237
3749
9537
2693
6095
2383
9307
4852
822
7099
3447
7052
6825
5021
6885
6128
5360
3128
7907
8555
9683
3543
1679
2261
2465
4070
727
8276
7580
686
7692
9585
5313
9979
2837
4278
9045
7756
8304
4002
2923
1047
7571
8393
7203
4662
7617
5402
6284
3842
2568
3694
3210
6666
9302
9674
2275
2384
5340
1953
259
6704
571
490
9743
5358
6475
5961
9126
6155
2219
8604
7364
4948
6098
1108
1712
6087
388
3758
853
722
6800
6125
4254
9914
950
7798
2443
5380
1158
4904
9616
1156
899
6550
1388
7344
487
4162
2726
6208
2512
6023
164
4789
7944
7731
3334
7203
6722
8063
1903
908
320
8701
8243
5034
5426
7677
4828
8568
7881
6076
1767
8062
8697
8089
7451
6103
4205
1317
6458
7392
3204
9447
2767
5136
1673
9993
8407
6814
1856
4066
5661
7636
8316
352
2654
1806
2062
4850
5355
1359
9080
7696
1404
7984
1440
9304
577
5493
80
8886
6596
5407
58
1999
3226
2023
696
6794
7161
4893
6097
5674
1155
3822
3240
7084
1233
2059
7647
2874
7963
7548
4985
1562
6659
2880
6300
8487
3153
9231
789
1594
6249
9279
2470
7892
5545
9119
6394
1626
9310
1860
2585
5165
5127
7949
4567
6740
4977
5509
4391
1273
8449
1732
8686
7582
9008
8162
6306
1722
6400
2970
4400
8371
6541
3222
7564
7161
5359
1677
2867
8445
4540
3542
9069
8588
1434
2455
2943
7869
9922
2078
3596
7858
1904
7131
3004
7902
1671
5001
5764
4580
6497
5192
9173
9943
9172
3992
2529
2851
2833
1043
2183
647
1702
4327
2432
9278
4082
1582
5682
5193
7224
2524
5890
3722
2061
4069
4294
7887
4940
3497
9480
8362
6313
4030
887
3113
4883
7463
4568
8262
5538
9670
5034
6605
4655
459
4406
5733
2035
1736
437
9053
8984
1763
5275
9765
460
3382
5154
8214
5411
6903
7714
3263
5116
7359
6283
3581
3164
4234
7205
7462
6791
4922
7295
3842
6829
5175
292
2070
352
9543
7515
3342
6484
3334
7053
6838
9280
5074
3250
982
5793
4134
5748
7032
2941
8001
2549
8039
5172
98
685
2214
2083
2435
1051
6122
7139
6687
2252
2980
3118
3232
9290
9167
5121
9273
4956
3906
605
9197
5275
4243
4152
5915
4740
681
2128
4903
2105
1276
8960
3669
8722
5947
5563
4628
3410
3641
724
6245
3860
3828
7280
4551
7572
2548
3380
6529
6746
4157
2744
91
2561
3249
6317
8393
8933
7669
3386
2132
2491
9854
9538
7799
7339
1176
6370
8771
9656
3555
2118
5408
4752
9850
43
8464
9710
6897
6863
7969
3629
6554
1221
8384
7223
3892
5956
4036
5100
6625
2799
4798
606
4323
4912
5691
4889
8690
4205
3843
9856
3484
6876
1489
4642
9674
819
8927
8188
3994
840
7102
7048
2638
4247
815
7267
4497
4290
817
5643
1185
5938
8183
295
4478
716
1509
1218
189
6511
8839
5087
5353
9162
7758
8400
8759
8618
9608
6241
820
4193
5627
2255
7693
3554
3358
455
1690
57
563
153
6073
5752
8405
6986
7619
699
1210
3545
4444
3005
1509
761
1388
5220
4523
4941
3509
1175
8927
2387
3809
1072
7404
9959
4586
9836
2975
664
6517
6414
2895
3575
4764
7556
2634
8379
4454
3106
8813
1474
2325
5595
543
5106
2219
9966
7658
4606
6250
444
8280
8260
4503
2871
7142
1218
90
3542
9159
8537
1797
4566
6440
3530
4462
9563
5307
9485
699
8436
1010
2385
8169
1052
2666
3806
9833
8524
1682
2933
9112
1725
4454
777
4505
8044
6316
7719
2113
5703
8570
2736
5262
9603
6578
727
2533
1456
8620
4662
6327
5684
4510
2299
5439
836
7642
9792
874
4658
3908
4808
5012
6335
767
9493
763
9537
7459
2455
7522
2336
1212
9263
8404
507
7762
4865
6595
5800
2529
2104
2396
7384
9013
2531
8713
24
7491
8253
211
4964
7750
5947
1313
2486
9685
7342
2049
8988
270
8632
882
8760
1729
3963
3932
3168
4123
9997
796
1958
7150
6280
8112
7586
2921
4653
6316
8108
3369
4089
9430
2662
2380
5568
8692
4309
2285
1158
1296
6912
6097
3437
2964
9504
3869
7688
9752
9464
6546
9021
2790
4735
2086
5529
8294
8648
6448
1118
2939
531
6784
9176
2777
1740
4489
9245
1745
3552
6491
1810
3594
6816
9649
1914
4638
4351
7364
5577
7918
166
6138
2103
3363
3766
6271
5841
258
2845
2990
7017
7483
5745
364
4781
9087
5290
5345
2805
331
365
3092
5190
6405
5314
6369
1124
9585
2679
4458
5364
7521
9437
2408
4351
1367
2912
8380
9794
856
9013
6006
3858
4416
9483
8240
957
4683
5012
8185
188
5367
6749
9594
4565
2724
8041
4342
4397
1588
4060
6962
2491
1477
6819
9598
119
5768
4177
3168
4257
4941
1443
2412
2590
6829
9013
9762
8508
4980
3966
900
471
8057
54
8209
9205
107
5097
7267
4124
7929
1635
3778
611
910
4314
3267
101
7576
7036
2976
1618
8579
5565
7829
2287
1127
1906
5524
9694
4459
6156
5414
7897
8980
4540
3567
9896
3598
3365
2909
1794
8997
7136
2716
8080
3552
8392
424
7868
3371
533
9745
8824
7088
8582
9156
924
1650
4791
7548
4215
3349
7347
9652
6614
8045
2034
5367
611
4385
3635
2614
2117
9675
8822
9142
5109
6912
7904
4387
144
1543
7009
8421
6184
7127
3250
2782
6262
2337
1079
4604
3930
103
2709
7009
3827
519
3501
1709
9082
9785
7430
2661
8984
449
1881
6082
5287
1808
9622
6968
1814
7406
2372
8305
2343
2668
1205
9174
4242
3737
9751
1689
7452
2323
9479
434
3059
280
4161
9252
6096
6120
8642
5723
7135
7592
4446
341
2218
6214
5229
5370
3969
5380
4353
6601
3478
4899
371
272
3029
8126
7579
55
3473
7151
7261
1050
5018
6562
4112
3922
2762
7524
3931
7006
398
1319
5257
5491
3234
2981
5931
1709
213
302
9884
7201
3148
6129
1792
6097
7250
5251
5925
3146
3837
2798
6988
6110
5868
1449
4273
7625
1212
8576
7925
6722
5626
6528
2349
5456
1875
8945
8387
8310
4119
2016
9770
8973
124
4920
3376
1452
5198
1725
6652
6870
7364
9540
3878
8657
1086
6274
6054
2814
2202
2736
7188
3706
9430
9752
3391
384
7440
495
9337
1976
9658
5454
8703
3744
5929
7806
3063
5366
4332
4687
6114
1183
3289
102
9057
4759
8739
2529
3
5637
8984
8392
876
4442
6151
7890
5154
406
2494
5105
2369
1208
