32
91
50
18
95
2
11
77
54
39
90
34
33
65
38
95
3
66
3
66
86
69
16
82
77
49
86
82
36
25
57
21
75
7
90
6
90
9
68
1
38
62
51
88
2
67
2
89
70
89
78
58
9
35
50
69
45
10
65
54
9
9
72
70
39
75
7
59
89
57
16
42
38
90
29
6
68
68
37
19
21
60
41
88
73
28
59
55
60
94
39
15
15
13
9
98
59
97
88
100
48
53
74
41
70
77
32
58
75
46
29
26
86
93
66
35
45
15
63
62
57
47
31
53
70
14
73
58
10
58
59
78
29
38
73
4
36
33
8
57
98
89
85
38
78
8
90
22
50
87
79
9
30
46
75
93
43
31
96
96
2
89
85
82
97
83
53
59
16
43
36
93
78
57
52
27
30
95
71
12
93
6
96
56
41
32
44
43
91
71
29
48
82
15
15
60
17
49
4
6
47
94
100
72
14
54
3
98
99
81
36
85
96
35
65
46
49
36
6
55
85
79
97
54
3
34
78
68
15
32
57
96
44
28
35
49
33
37
9
99
96
2
81
37
29
45
82
24
23
79
53
12
37
42
39
99
55
81
68
61
4
71
95
89
1
63
75
45
65
94
75
69
76
61
79
17
97
11
7
65
49
100
88
23
60
73
54
92
31
27
64
82
86
15
44
31
16
50
53
100
37
88
86
36
71
43
33
61
22
12
88
21
82
87
15
50
56
86
60
20
99
33
85
66
82
25
71
16
8
31
39
16
45
67
10
93
30
65
99
96
78
41
13
17
26
67
72
10
87
71
95
34
59
84
5
43
75
2
2
50
84
59
78
31
2
16
10
83
22
28
64
24
32
5
43
23
9
28
78
80
2
7
6
20
56
94
5
2
60
37
16
65
88
53
27
65
64
65
44
3
39
92
24
14
63
67
14
46
9
60
36
26
1
1
63
72
99
5
25
17
62
49
13
49
19
99
51
68
70
42
66
83
13
3
97
15
7
31
92
88
75
87
63
72
38
15
86
55
90
63
35
11
20
14
99
6
9
91
86
60
89
86
40
18
29
69
7
35
75
65
2
26
3
98
20
33
79
43
9
89
22
23
44
93
48
59
53
6
94
98
72
91
82
2
36
64
94
43
62
72
48
60
20
9
12
43
65
95
73
16
65
62
75
71
13
98
10
52
15
58
13
47
86
15
56
41
41
9
34
22
52
13
60
28
15
79
12
67
61
26
30
20
67
48
34
73
46
26
2
13
71
15
6
19
88
89
88
10
40
37
51
26
62
84
53
88
82
15
55
22
57
98
82
30
83
48
49
3
78
43
69
70
12
69
35
9
79
36
47
1
27
1
41
91
50
45
47
47
69
39
53
87
64
45
69
26
4
56
5
15
61
85
16
85
52
54
90
50
83
50
82
76
1
81
69
97
31
44
46
37
51
77
66
24
1
56
95
13
15
27
96
84
96
88
94
27
51
62
69
70
92
30
38
50
80
42
95
36
65
36
77
98
78
35
93
23
11
20
17
18
40
59
61
12
11
50
12
5
38
73
83
84
81
25
62
48
50
72
83
85
98
55
45
8
26
28
43
72
34
62
76
79
62
84
7
92
10
87
71
18
46
82
17
87
93
7
63
49
40
14
86
15
69
100
85
92
19
55
73
40
61
39
8
89
93
68
46
55
75
22
80
91
65
62
35
36
91
65
60
44
75
76
9
16
94
52
8
32
60
65
28
99
30
2
86
72
59
7
15
98
44
54
16
84
96
48
95
40
1
72
86
68
13
30
28
72
54
34
24
46
16
17
66
29
16
54
15
14
82
23
78
3
28
51
36
34
53
74
27
63
21
48
20
31
62
57
45
20
55
50
48
7
29
94
57
31
99
49
34
33
12
33
52
5
58
8
77
81
100
44
87
8
90
98
60
61
47
78
28
23
84
1
1
40
59
17
19
65
75
68
16
18
51
90
94
76
14
55
82
49
96
89
90
55
94
90
37
29
19
42
11
56
35
3
86
11
43
19
26
9
43
90
68
86
74
31
57
50
16
75
98
66
83
24
45
59
7
1
20
89
37
82
77
40
40
93
98
52
22
48
5
77
9
90
64
2
5
79
18
58
31
21
15
35
71
4
2
68
87
70
20
49
77
99
7
23
7
27
39
60
61
56
15
12
1
52
52
50
17
6
37
16
92
32
12
5
95
39
49
83
90
82
57
29
20
54
30
81
56
15
9
8
97
73
92
6
27
39
28
24
31
13
50
67
97
82
74
60
50
61