9999
9998
9998
9997
9997
9997
9996
9995
9994
9993
9991
9990
9990
9989
9988
9986
9984
9984
9982
9982
9982
9981
9979
9978
9978
9978
9977
9976
9974
9974
9973
9970
9969
9969
9966
9966
9966
9966
9966
9965
9964
9963
9963
9962
9961
9961
9959
9959
9958
9954
9954
9953
9953
9952
9951
9949
9948
9948
9947
9947
9947
9946
9943
9941
9941
9940
9937
9937
9935
9935
9935
9932
9930
9930
9929
9927
9926
9925
9923
9922
9922
9921
9920
9920
9920
9920
9920
9917
9917
9916
9914
9914
9913
9913
9912
9912
9912
9911
9908
9907
9907
9906
9905
9904
9904
9902
9902
9901
9900
9900
9898
9897
9897
9896
9896
9892
9891
9890
9890
9888
9887
9885
9884
9884
9884
9881
9881
9881
9880
9879
9878
9878
9877
9877
9876
9876
9875
9873
9872
9870
9867
9867
9864
9864
9863
9863
9863
9861
9859
9857
9857
9856
9854
9853
9853
9852
9852
9851
9851
9851
9851
9850
9850
9850
9849
9848
9847
9847
9846
9846
9844
9844
9844
9844
9843
9842
9841
9840
9839
9837
9836
9836
9836
9836
9835
9835
9833
9833
9830
9828
9828
9827
9825
9824
9824
9823
9822
9819
9818
9818
9818
9818
9818
9816
9816
9815
9815
9814
9810
9802
9801
9801
9796
9794
9792
9791
9790
9790
9790
9789
9788
9788
9788
9788
9785
9785
9785
9782
9782
9782
9782
9782
9781
9781
9779
9777
9777
9774
9773
9771
9770
9769
9768
9767
9767
9765
9765
9765
9764
9764
9762
9762
9761
9760
9757
9754
9753
9753
9752
9752
9752
9751
9749
9749
9749
9748
9748
9748
9747
9746
9745
9745
9743
9743
9743
9743
9742
9740
9740
9740
9739
9739
9737
9737
9735
9734
9733
9730
9729
9729
9729
9728
9723
9723
9723
9723
9722
9720
9719
9718
9718
9717
9717
9716
9714
9713
9713
9713
9710
9710
9710
9709
9708
9708
9708
9707
9706
9706
9705
9700
9699
9697
9697
9696
9696
9695
9694
9694
9692
9691
9691
9690
9689
9688
9687
9687
9686
9685
9684
9683
9682
9680
9680
9679
9677
9676
9676
9675
9675
9674
9674
9674
9670
9670
9670
9668
9667
9667
9665
9665
9664
9663
9662
9662
9661
9658
9658
9656
9652
9651
9651
9651
9650
9649
9649
9648
9645
9645
9644
9644
9644
9643
9643
9642
9642
9639
9639
9639
9639
9637
9634
9634
9633
9632
9631
9630
9630
9622
9622
9621
9620
9619
9619
9617
9616
9616
9614
9613
9612
9611
9611
9609
9609
9608
9607
9603
9602
9601
9601
9598
9597
9594
9594
9593
9593
9591
9590
9589
9588
9587
9587
9586
9585
9585
9584
9580
9580
9579
9579
9579
9577
9577
9575
9574
9572
9572
9571
9571
9571
9571
9569
9568
9567
9567
9565
9565
9565
9564
9564
9564
9563
9563
9563
9562
9560
9556
9556
9555
9554
9550
9549
9549
9548
9547
9545
9543
9543
9542
9542
9542
9540
9540
9538
9538
9537
9537
9536
9533
9532
9531
9529
9528
9527
9524
9524
9521
9520
9520
9519
9516
9516
9515
9515
9514
9514
9514
9513
9512
9509
9508
9507
9507
9505
9504
9504
9503
9503
9500
9500
9500
9500
9499
9499
9497
9496
9495
9493
9492
9492
9491
9491
9488
9487
9486
9486
9485
9484
9483
9483
9482
9481
9480
9479
9479
9477
9477
9477
9476
9475
9475
9474
9473
9473
9473
9471
9470
9470
9469
9469
9468
9467
9466
9465
9464
9463
9461
9461
9461
9461
9458
9455
9454
9450
9448
9447
9446
9446
9446
9445
9441
9440
9437
9437
9433
9430
9430
9429
9426
9426
9425
9424
9424
9423
9422
9422
9422
9420
9419
9419
9416
9416
9412
9411
9410
9410
9410
9409
9408
9406
9406
9405
9403
9402
9400
9400
9399
9396
9394
9393
9390
9389
9389
9387
9387
9385
9385
9382
9381
9381
9381
9379
9379
9378
9378
9377
9377
9377
9376
9375
9373
9373
9372
9371
9370
9364
9363
9362
9359
9357
9357
9357
9356
9355
9355
9354
9353
9352
9352
9349
9346
9345
9344
9344
9343
9343
9343
9342
9341
9338
9337
9337
9337
9337
9337
9334
9333
9330
9330
9330
9330
9329
9328
9327
9323
9322
9322
9321
9321
9320
9319
9319
9318
9318
9318
9315
9314
9314
9314
9312
9311
9311
9310
9308
9307
9306
9306
9305
9304
9304
9302
9302
9300
9300
9299
9297
9293
9293
9292
9290
9288
9288
9288
9287
9287
9286
9286
9283
9282
9280
9279
9279
9278
9278
9278
9277
9274
9273
9273
9269
9267
9267
9264
9263
9263
9263
9261
9260
9259
9259
9258
9257
9257
9253
9253
9252
9251
9250
9250
9250
9249
9249
9248
9247
9245
9242
9242
9241
9240
9238
9238
9236
9235
9231
9231
9230
9229
9227
9227
9225
9225
9224
9223
9221
9220
9219
9219
9214
9213
9213
9211
9209
9208
9207
9207
9205
9203
9202
9197
9197
9196
9194
9194
9194
9192
9192
9190
9189
9187
9187
9185
9185
9184
9183
9180
9179
9179
9176
9176
9175
9174
9173
9173
9172
9167
9167
9166
9165
9165
9164
9164
9163
9162
9161
9159
9158
9158
9156
9156
9153
9151
9151
9150
9149
9148
9147
9146
9145
9144
9143
9142
9142
9140
9140
9139
9137
9136
9136
9135
9134
9132
9128
9127
9126
9126
9126
9124
9123
9123
9123
9123
9123
9121
9120
9120
9120
9119
9117
9114
9114
9113
9112
9112
9110
9110
9110
9109
9108
9107
9105
9105
9102
9101
9100
9099
9098
9098
9097
9096
9096
9096
9094
9094
9094
9089
9088
9087
9087
9085
9084
9082
9080
9080
9080
9078
9078
9078
9078
9078
9074
9074
9074
9074
9069
9069
9068
9068
9068
9068
9067
9066
9063
9061
9060
9060
9059
9058
9057
9057
9056
9056
9055
9053
9053
9053
9053
9053
9052
9049
9049
9049
9048
9048
9045
9045
9043
9042
9041
9039
9037
9037
9033
9032
9031
9029
9026
9024
9021
9020
9020
9016
9016
9015
9015
9015
9014
9013
9013
9013
9012
9010
9008
9005
9005
9004
9004
9003
9000
9000
9000
8998
8998
8997
8995
8994
8994
8993
8990
8988
8988
8987
8986
8984
8984
8984
8983
8981
8980
8979
8977
8976
8975
8973
8971
8970
8969
8969
8969
8969
8968
8968
8967
8966
8965
8964
8962
8961
8960
8960
8960
8960
8958
8958
8956
8955
8955
8953
8953
8952
8951
8951
8951
8949
8946
8945
8944
8943
8943
8941
8940
8939
8937
8936
8936
8934
8934
8933
8932
8932
8932
8930
8930
8929
8927
8927
8926
8926
8925
8923
8923
8922
8921
8920
8920
8919
8919
8918
8915
8914
8912
8911
8910
8910
8908
8907
8906
8903
8902
8901
8901
8900
8899
8899
8899
8898
8898
8897
8896
8896
8895
8894
8893
8888
8888
8888
8887
8886
8886
8886
8886
8884
8884
8880
8879
8878
8875
8873
8870
8868
8868
8867
8866
8865
8864
8863
8859
8857
8854
8854
8854
8854
8852
8851
8849
8847
8847
8844
8844
8843
8840
8839
8839
8838
8838
8835
8835
8835
8833
8832
8828
8828
8826
8826
8824
8822
8822
8821
8820
8820
8815
8813
8813
8813
8811
8810
8807
8803
8802
8801
8801
8801
8801
8800
8800
8798
8797
8796
8794
8792
8792
8792
8791
8788
8788
8788
8787
8787
8787
8781
8780
8779
8779
8771
8771
8771
8770
8770
8769
8768
8765
8762
8762
8762
8760
8759
8759
8758
8758
8756
8755
8753
8753
8749
8749
8749
8748
8748
8745
8744
8742
8741
8741
8739
8738
8737
8735
8735
8734
8732
8732
8731
8731
8730
8730
8729
8728
8726
8723
8723
8723
8722
8720
8719
8719
8719
8718
8717
8713
8712
8712
8710
8710
8709
8708
8708
8707
8706
8705
8703
8703
8702
8701
8700
8699
8698
8697
8697
8696
8695
8695
8695
8695
8694
8693
8692
8691
8690
8690
8690
8689
8688
8688
8686
8681
8679
8678
8677
8676
8676
8673
8673
8673
8672
8670
8669
8668
8668
8668
8668
8667
8666
8666
8664
8663
8663
8661
8661
8661
8660
8658
8657
8655
8655
8654
8653
8652
8651
8651
8649
8648
8646
8645
8644
8644
8642
8642
8641
8641
8641
8640
8640
8638
8638
8638
8638
8635
8635
8634
8634
8634
8634
8633
8632
8632
8630
8630
8630
8630
8626
8624
8623
8621
8621
8621
8620
8618
8615
8613
8611
8610
8610
8608
8607
8607
8606
8606
8605
8605
8604
8604
8603
8602
8602
8601
8601
8600
8600
8599
8599
8598
8596
8593
8593
8593
8590
8588
8588
8588
8586
8586
8586
8585
8585
8585
8582
8582
8581
8581
8581
8579
8579
8577
8577
8577
8576
8574
8572
8571
8570
8570
8570
8568
8567
8566
8566
8564
8559
8558
8555
8555
8553
8551
8551
8551
8550
8549
8549
8547
8546
8546
8545
8541
8540
8537
8535
8535
8534
8534
8532
8531
8530
8529
8529
8528
8527
8526
8524
8523
8522
8521
8521
8520
8520
8519
8518
8515
8514
8512
8512
8511
8511
8511
8510
8510
8508
8504
8504
8503
8502
8502
8501
8500
8500
8498
8498
8497
8496
8494
8490
8487
8487
8486
8483
8482
8482
8482
8480
8476
8475
8474
8471
8469
8468
8467
8467
8466
8465
8464
8464
8464
8464
8462
8459
8454
8453
8452
8452
8449
8449
8447
8447
8445
8445
8443
8442
8441
8440
8438
8436
8436
8435
8433
8429
8427
8427
8425
8422
8421
8421
8420
8419
8418
8418
8417
8414
8414
8412
8412
8411
8410
8409
8409
8408
8408
8407
8407
8405
8404
8404
8404
8402
8402
8401
8400
8400
8400
8399
8393
8393
8392
8392
8387
8385
8384
8384
8381
8380
8380
8379
8379
8377
8376
8373
8371
8371
8370
8364
8362
8362
8361
8359
8357
8356
8356
8355
8353
8350
8350
8349
8347
8345
8345
8345
8345
8344
8344
8343
8343
8342
8341
8341
8337
8336
8336
8335
8334
8334
8334
8332
8332
8331
8327
8327
8324
8323
8322
8322
8319
8318
8317
8317
8316
8316
8315
8315
8314
8313
8312
8310
8308
8307
8306
8306
8306
8305
8305
8305
8304
8304
8304
8303
8303
8300
8299
8298
8297
8297
8294
8294
8293
8293
8292
8290
8290
8290
8290
8288
8287
8283
8283
8282
8280
8280
8280
8278
8276
8276
8275
8275
8275
8274
8273
8273
8272
8271
8268
8267
8267
8267
8266
8264
8263
8262
8261
8260
8260
8260
8259
8254
8253
8252
8251
8244
8243
8243
8243
8243
8242
8240
8240
8240
8238
8235
8235
8235
8234
8234
8233
8232
8229
8229
8227
8227
8227
8225
8224
8224
8224
8222
8222
8221
8221
8220
8219
8219
8218
8216
8214
8214
8214
8212
8211
8211
8209
8208
8206
8206
8206
8205
8204
8203
8200
8198
8197
8194
8194
8193
8193
8189
8188
8187
8185
8183
8182
8182
8181
8181
8180
8180
8178
8175
8175
8172
8172
8171
8170
8169
8168
8164
8164
8162
8162
8161
8161
8159
8159
8159
8158
8156
8156
8156
8156
8155
8155
8155
8154
8154
8152
8150
8150
8149
8148
8148
8148
8147
8145
8144
8144
8144
8143
8143
8141
8140
8139
8137
8136
8136
8133
8131
8128
8127
8127
8126
8125
8125
8123
8122
8120
8119
8117
8115
8112
8111
8111
8109
8108
8108
8107
8107
8102
8100
8099
8099
8098
8098
8097
8096
8094
8093
8093
8092
8092
8090
8090
8089
8088
8088
8087
8085
8084
8083
8082
8082
8082
8082
8081
8080
8080
8080
8077
8075
8074
8074
8074
8074
8073
8071
8071
8071
8069
8068
8068
8066
8064
8064
8064
8064
8063
8062
8062
8060
8059
8059
8058
8057
8057
8056
8055
8055
8054
8052
8052
8051
8051
8050
8050
8049
8049
8049
8047
8047
8046
8045
8045
8045
8045
8044
8044
8042
8041
8041
8041
8039
8038
8038
8037
8036
8036
8033
8030
8029
8029
8029
8029
8028
8028
8025
8022
8020
8019
8019
8018
8017
8015
8015
8014
8011
8011
8010
8010
8008
8008
8005
8005
8005
8004
8004
8002
8001
8001
8001
7999
7999
7998
7996
7996
7994
7989
7987
7985
7984
7982
7981
7981
7979
7979
7978
7977
7976
7974
7974
7973
7971
7970
7969
7969
7968
7966
7963
7963
7962
7961
7957
7956
7954
7951
7949
7949
7949
7949
7948
7947
7947
7947
7944
7944
7944
7944
7943
7941
7940
7939
7938
7938
7938
7937
7935
7933
7931
7930
7930
7929
7928
7928
7927
7927
7927
7926
7925
7925
7923
7923
7921
7921
7920
7920
7918
7917
7917
7915
7915
7914
7913
7913
7911
7911
7910
7907
7907
7907
7907
7904
7904
7902
7902
7901
7900
7899
7898
7897
7896
7895
7894
7894
7893
7892
7890
7889
7888
7888
7887
7887
7887
7886
7886
7885
7885
7884
7883
7883
7883
7882
7881
7880
7879
7878
7878
7876
7874
7873
7870
7869
7868
7867
7865
7862
7862
7861
7860
7858
7858
7857
7854
7853
7852
7850
7850
7849
7849
7849
7844
7843
7843
7840
7839
7839
7838
7834
7834
7831
7831
7829
7825
7824
7823
7821
7820
7819
7818
7816
7814
7814
7813
7813
7812
7810
7810
7806
7805
7805
7804
7804
7804
7803
7803
7803
7802
7802
7799
7799
7799
7798
7796
7795
7794
7793
7790
7788
7788
7787
7786
7785
7784
7783
7783
7782
7780
7780
7779
7778
7778
7778
7775
7775
7774
7774
7772
7772
7770
7770
7769
7768
7767
7766
7762
7761
7761
7760
7760
7758
7758
7756
7756
7756
7756
7754
7752
7752
7751
7750
7749
7748
7746
7745
7744
7744
7744
7744
7742
7742
7741
7740
7739
7736
7735
7734
7733
7732
7731
7731
7731
7729
7728
7725
7724
7719
7719
7717
7716
7714
7714
7713
7708
7708
7708
7706
7704
7702
7701
7701
7700
7699
7698
7697
7696
7695
7693
7693
7693
7692
7691
7688
7687
7684
7683
7682
7682
7681
7680
7678
7677
7677
7676
7676
7674
7672
7671
7670
7670
7669
7669
7668
7665
7663
7662
7661
7658
7658
7657
7657
7655
7654
7653
7652
7652
7651
7651
7650
7650
7648
7648
7648
7647
7647
7645
7642
7642
7641
7641
7641
7640
7640
7638
7638
7636
7636
7636
7636
7634
7634
7632
7630
7630
7629
7629
7628
7628
7626
7625
7623
7622
7622
7621
7619
7619
7618
7617
7617
7617
7617
7615
7614
7614
7614
7613
7613
7611
7610
7607
7600
7599
7599
7598
7596
7594
7592
7592
7592
7591
7590
7590
7590
7590
7589
7588
7587
7587
7587
7587
7586
7586
7586
7585
7582
7582
7581
7580
7580
7579
7579
7579
7578
7577
7577
7577
7576
7576
7575
7574
7574
7572
7572
7572
7571
7569
7569
7569
7568
7568
7567
7565
7565
7564
7562
7558
7558
7556
7556
7556
7556
7555
7555
7555
7554
7554
7553
7550
7550
7548
7548
7545
7544
7543
7543
7542
7542
7542
7541
7540
7540
7539
7537
7534
7532
7532
7529
7528
7527
7527
7527
7527
7524
7524
7523
7522
7522
7522
7521
7521
7521
7521
7520
7519
7518
7518
7518
7517
7517
7517
7516
7516
7515
7512
7511
7510
7509
7506
7505
7504
7502
7501
7500
7499
7499
7499
7496
7495
7494
7493
7493
7493
7492
7491
7490
7490
7489
7489
7485
7484
7484
7483
7483
7482
7482
7481
7479
7478
7477
7477
7476
7476
7475
7475
7468
7467
7466
7466
7464
7463
7462
7460
7459
7459
7457
7457
7456
7455
7454
7453
7453
7452
7452
7452
7451
7451
7451
7451
7450
7449
7449
7449
7448
7447
7445
7444
7443
7442
7441
7441
7440
7438
7437
7437
7436
7433
7433
7433
7432
7432
7431
7430
7430
7430
7429
7429
7429
7428
7427
7424
7423
7422
7422
7421
7421
7420
7418
7416
7416
7415
7415
7415
7414
7413
7413
7408
7408
7406
7405
7404
7404
7402
7401
7401
7401
7398
7397
7397
7394
7394
7392
7392
7388
7388
7386
7385
7384
7382
7381
7380
7379
7378
7376
7376
7373
7373
7373
7372
7372
7369
7368
7368
7365
7364
7364
7364
7363
7359
7359
7358
7357
7356
7355
7353
7352
7352
7351
7349
7347
7347
7345
7344
7342
7342
7341
7340
7339
7339
7336
7335
7335
7333
7332
7331
7331
7328
7327
7327
7327
7325
7324
7324
7323
7322
7322
7321
7321
7320
7319
7317
7317
7316
7314
7314
7312
7311
7310
7307
7306
7303
7303
7302
7302
7301
7301
7300
7299
7299
7298
7297
7297
7295
7295
7294
7293
7289
7287
7287
7287
7287
7286
7286
7284
7284
7282
7280
7277
7277
7276
7276
7275
7274
7272
7269
7267
7267
7266
7265
7264
7262
7262
7261
7261
7261
7258
7258
7258
7257
7250
7250
7250
7249
7248
7247
7246
7245
7244
7243
7242
7241
7239
7237
7237
7234
7233
7231
7231
7228
7228
7225
7224
7224
7223
7222
7222
7222
7221
7219
7219
7218
7217
7216
7216
7214
7214
7213
7212
7211
7210
7210
7209
7206
7206
7205
7205
7204
7204
7203
7203
7203
7203
7203
7202
7202
7201
7201
7200
7200
7199
7198
7198
7198
7193
7189
7188
7188
7188
7186
7183
7182
7182
7181
7180
7180
7180
7179
7179
7174
7173
7170
7169
7167
7167
7166
7166
7166
7166
7166
7165
7164
7164
7164
7163
7161
7161
7161
7161
7161
7160
7158
7157
7157
7155
7154
7154
7154
7151
7150
7150
7150
7149
7144
7144
7142
7140
7139
7138
7137
7137
7136
7136
7135
7135
7135
7134
7131
7130
7130
7129
7127
7127
7126
7125
7122
7121
7121
7119
7118
7117
7116
7114
7114
7112
7112
7111
7111
7109
7107
7106
7106
7106
7105
7104
7102
7101
7100
7099
7096
7095
7094
7093
7093
7093
7092
7090
7089
7089
7088
7088
7087
7087
7085
7084
7084
7083
7079
7078
7078
7078
7075
7075
7073
7071
7071
7071
7070
7070
7070
7070
7068
7067
7066
7065
7064
7063
7063
7060
7058
7058
7057
7057
7053
7052
7052
7049
7048
7048
7046
7044
7043
7041
7040
7039
7038
7037
7036
7036
7036
7036
7032
7032
7031
7031
7030
7030
7029
7029
7028
7026
7024
7022
7022
7020
7019
7019
7018
7017
7017
7017
7015
7015
7014
7011
7009
7009
7007
7006
7006
7004
7001
7000
6996
6994
6993
6993
6993
6990
6989
6988
6988
6988
6986
6986
6985
6985
6984
6983
6982
6982
6981
6974
6973
6970
6970
6969
6968
6968
6968
6968
6967
6966
6964
6964
6962
6958
6957
6957
6954
6954
6952
6952
6949
6948
6947
6947
6946
6945
6944
6943
6942
6942
6941
6939
6939
6937
6937
6934
6932
6932
6930
6929
6929
6928
6928
6927
6927
6927
6925
6925
6923
6923
6919
6918
6918
6917
6915
6914
6912
6912
6911
6910
6910
6904
6903
6902
6898
6897
6897
6895
6894
6894
6894
6893
6893
6893
6893
6892
6892
6892
6890
6889
6889
6888
6888
6888
6887
6885
6885
6883
6882
6878
6877
6876
6873
6873
6872
6870
6870
6869
6869
6869
6868
6867
6867
6867
6866
6866
6866
6865
6865
6864
6863
6858
6857
6855
6854
6853
6852
6851
6851
6850
6850
6849
6847
6846
6845
6842
6840
6839
6838
6838
6836
6834
6831
6831
6831
6830
6829
6829
6825
6825
6824
6824
6824
6824
6823
6823
6823
6820
6820
6820
6819
6819
6818
6818
6816
6814
6811
6811
6810
6810
6808
6807
6806
6805
6805
6804
6802
6801
6800
6799
6798
6794
6794
6793
6792
6792
6791
6789
6784
6784
6783
6782
6782
6781
6780
6779
6779
6779
6777
6776
6774
6773
6771
6767
6766
6763
6762
6761
6759
6758
6757
6755
6755
6755
6753
6753
6752
6752
6749
6749
6749
6749
6748
6747
6747
6747
6746
6746
6746
6745
6742
6741
6741
6740
6739
6739
6738
6738
6738
6737
6736
6734
6731
6731
6730
6730
6728
6728
6728
6727
6727
6727
6726
6725
6724
6722
6722
6722
6722
6721
6720
6719
6719
6718
6718
6717
6717
6714
6711
6711
6711
6710
6710
6710
6708
6708
6708
6707
6706
6705
6704
6704
6704
6703
6703
6701
6701
6700
6700
6700
6698
6698
6697
6696
6693
6692
6689
6688
6687
6685
6685
6685
6684
6684
6681
6681
6680
6678
6677
6677
6676
6674
6674
6673
6672
6671
6671
6666
6666
6665
6665
6661
6660
6660
6659
6658
6658
6657
6657
6655
6654
6652
6651
6650
6649
6648
6646
6646
6645
6644
6639
6639
6638
6636
6635
6635
6634
6634
6634
6633
6631
6631
6631
6630
6629
6627
6626
6626
6625
6625
6620
6620
6620
6618
6617
6614
6613
6612
6612
6611
6611
6610
6606
6605
6604
6603
6601
6599
6598
6598
6598
6597
6597
6596
6596
6595
6595
6595
6595
6595
6592
6592
6589
6589
6589
6587
6586
6583
6581
6581
6581
6579
6578
6577
6576
6575
6574
6572
6571
6571
6569
6569
6567
6565
6565
6564
6562
6560
6559
6558
6557
6556
6555
6555
6555
6554
6552
6550
6550
6549
6546
6546
6545
6542
6541
6541
6539
6537
6536
6536
6536
6534
6533
6532
6531
6531
6530
6529
6528
6528
6527
6526
6526
6526
6525
6522
6521
6519
6518
6518
6517
6517
6517
6517
6512
6511
6511
6509
6508
6507
6507
6506
6502
6502
6501
6499
6497
6496
6495
6492
6492
6491
6487
6485
6485
6484
6482
6477
6477
6476
6475
6475
6472
6471
6469
6467
6467
6466
6465
6458
6458
6457
6457
6457
6457
6456
6455
6454
6453
6453
6453
6452
6452
6449
6448
6447
6447
6445
6444
6443
6443
6443
6443
6441
6440
6440
6437
6437
6437
6437
6436
6435
6434
6434
6434
6432
6432
6432
6430
6428
6427
6425
6425
6425
6425
6424
6423
6421
6421
6420
6420
6419
6419
6419
6418
6417
6417
6416
6414
6412
6410
6408
6407
6405
6405
6404
6402
6402
6402
6401
6400
6400
6397
6394
6392
6391
6390
6390
6389
6388
6387
6386
6383
6379
6378
6375
6372
6372
6372
6371
6370
6369
6369
6368
6365
6364
6363
6363
6359
6359
6356
6356
6353
6352
6349
6349
6348
6346
6345
6344
6344
6342
6342
6341
6339
6338
6338
6338
6337
6335
6335
6335
6334
6334
6333
6332
6331
6330
6330
6329
6329
6328
6327
6324
6324
6322
6321
6320
6318
6318
6317
6316
6316
6315
6315
6314
6313
6310
6310
6309
6309
6308
6308
6308
6306
6305
6305
6305
6305
6304
6303
6301
6300
6300
6299
6299
6298
6296
6293
6292
6291
6291
6291
6290
6289
6289
6288
6287
6286
6286
6285
6284
6283
6283
6282
6281
6280
6279
6277
6277
6276
6274
6273
6272
6271
6271
6270
6268
6267
6266
6263
6263
6262
6262
6262
6259
6259
6258
6258
6256
6255
6255
6255
6254
6254
6253
6252
6252
6251
6250
6249
6248
6245
6245
6243
6242
6241
6241
6239
6237
6237
6236
6234
6234
6233
6233
6232
6231
6231
6229
6226
6224
6222
6222
6222
6222
6221
6219
6218
6218
6216
6216
6214
6213
6212
6211
6211
6209
6209
6209
6208
6208
6208
6207
6206
6206
6205
6203
6203
6201
6201
6199
6198
6196
6194
6193
6191
6188
6188
6187
6184
6180
6179
6179
6178
6178
6177
6175
6175
6174
6170
6170
6166
6164
6156
6156
6155
6155
6155
6155
6154
6153
6152
6152
6152
6151
6151
6150
6150
6147
6144
6138
6138
6137
6136
6134
6134
6133
6132
6129
6129
6129
6128
6128
6128
6126
6126
6125
6125
6124
6124
6123
6122
6122
6120
6119
6119
6118
6118
6117
6117
6117
6115
6114
6114
6113
6113
6110
6108
6107
6106
6105
6104
6103
6102
6102
6102
6101
6101
6099
6098
6097
6097
6097
6096
6096
6095
6094
6092
6091
6091
6089
6088
6088
6088
6087
6087
6086
6085
6084
6084
6083
6082
6082
6082
6082
6080
6077
6076
6074
6073
6073
6073
6073
6072
6070
6070
6069
6068
6068
6067
6066
6066
6065
6063
6062
6061
6061
6060
6060
6059
6058
6056
6056
6055
6054
6054
6052
6052
6050
6050
6049
6049
6048
6048
6047
6047
6047
6047
6047
6046
6046
6045
6045
6044
6043
6042
6042
6041
6041
6039
6039
6039
6038
6037
6036
6034
6033
6032
6029
6028
6028
6028
6023
6023
6023
6022
6021
6019
6018
6016
6015
6012
6011
6010
6009
6009
6008
6007
6007
6007
6006
6006
6006
6004
6004
6004
6002
6002
6000
5998
5997
5995
5993
5992
5992
5991
5989
5989
5988
5986
5984
5983
5981
5980
5980
5977
5976
5976
5973
5972
5971
5971
5971
5970
5970
5969
5968
5964
5961
5961
5961
5959
5959
5959
5958
5956
5956
5954
5954
5952
5951
5949
5949
5948
5947
5947
5947
5946
5944
5944
5942
5942
5938
5937
5937
5936
5935
5935
5933
5931
5931
5930
5929
5928
5927
5926
5926
5926
5925
5925
5925
5919
5918
5915
5914
5911
5910
5910
5909
5908
5908
5905
5903
5903
5902
5901
5900
5898
5898
5897
5896
5895
5894
5894
5893
5890
5888
5888
5888
5887
5886
5885
5884
5883
5883
5883
5881
5880
5880
5878
5877
5877
5877
5877
5875
5875
5874
5872
5871
5871
5870
5869
5868
5865
5865
5860
5859
5858
5857
5855
5855
5855
5854
5854
5853
5852
5847
5846
5845
5843
5842
5842
5842
5841
5841
5841
5840
5838
5834
5834
5834
5834
5833
5833
5831
5830
5829
5828
5828
5826
5826
5824
5824
5823
5822
5822
5821
5821
5820
5819
5816
5815
5815
5814
5814
5814
5812
5811
5806
5805
5805
5804
5804
5802
5801
5800
5800
5799
5798
5797
5797
5796
5795
5795
5794
5793
5792
5791
5790
5788
5786
5785
5782
5781
5780
5779
5778
5776
5771
5769
5768
5766
5766
5766
5766
5766
5765
5765
5765
5765
5764
5764
5763
5762
5762
5761
5761
5760
5759
5759
5758
5757
5755
5753
5752
5752
5750
5749
5748
5748
5747
5746
5746
5745
5742
5741
5740
5739
5739
5738
5738
5738
5737
5736
5736
5736
5734
5734
5733
5732
5731
5728
5727
5724
5724
5723
5723
5720
5719
5718
5718
5717
5713
5712
5712
5711
5710
5708
5707
5707
5707
5706
5705
5704
5703
5702
5701
5698
5697
5697
5696
5693
5691
5688
5688
5685
5684
5683
5682
5682
5682
5680
5680
5679
5679
5678
5677
5676
5675
5675
5674
5671
5670
5670
5669
5668
5666
5666
5665
5665
5664
5663
5661
5661
5660
5660
5659
5658
5657
5654
5653
5650
5648
5648
5646
5646
5645
5643
5638
5637
5637
5637
5634
5634
5632
5632
5632
5629
5628
5627
5626
5626
5626
5626
5626
5626
5625
5622
5622
5621
5619
5617
5616
5616
5616
5616
5615
5614
5613
5613
5613
5613
5612
5610
5608
5607
5606
5605
5605
5603
5602
5602
5602
5600
5600
5599
5596
5595
5595
5595
5594
5591
5590
5589
5586
5586
5583
5582
5582
5580
5579
5579
5577
5577
5577
5576
5572
5572
5571
5570
5570
5569
5569
5568
5567
5565
5563
5563
5563
5561
5560
5560
5558
5558
5554
5553
5551
5550
5549
5549
5545
5544
5544
5544
5543
5543
5543
5539
5539
5539
5538
5537
5536
5535
5533
5532
5530
5530
5529
5527
5527
5526
5526
5526
5524
5523
5521
5519
5518
5516
5516
5515
5515
5515
5514
5513
5513
5512
5510
5510
5510
5510
5510
5509
5509
5509
5509
5508
5507
5506
5505
5504
5502
5501
5499
5498
5498
5495
5494
5494
5493
5493
5491
5490
5489
5489
5487
5484
5482
5481
5480
5474
5473
5473
5473
5471
5470
5469
5468
5467
5467
5466
5465
5465
5464
5464
5462
5460
5460
5459
5457
5457
5457
5456
5455
5454
5453
5451
5447
5446
5446
5446
5443
5443
5442
5441
5440
5439
5439
5436
5431
5430
5430
5429
5428
5428
5427
5426
5425
5424
5423
5422
5421
5421
5419
5419
5419
5418
5418
5417
5416
5414
5414
5412
5411
5409
5408
5408
5408
5408
5407
5406
5405
5403
5402
5402
5402
5401
5401
5401
5400
5399
5399
5399
5399
5396
5394
5394
5394
5392
5391
5389
5389
5389
5388
5387
5385
5383
5382
5380
5380
5379
5378
5377
5377
5376
5376
5374
5373
5373
5372
5372
5370
5369
5368
5367
5367
5367
5366
5364
5364
5363
5363
5362
5360
5360
5359
5358
5358
5358
5358
5355
5355
5355
5354
5353
5353
5353
5352
5348
5347
5345
5345
5344
5344
5344
5343
5341
5340
5338
5338
5337
5337
5334
5333
5331
5329
5326
5326
5325
5322
5322
5320
5318
5316
5316
5316
5316
5315
5314
5313
5310
5310
5310
5309
5308
5307
5306
5306
5305
5304
5303
5303
5303
5303
5302
5302
5300
5297
5297
5297
5294
5294
5293
5293
5290
5290
5290
5288
5288
5287
5286
5286
5285
5283
5283
5282
5281
5280
5280
5279
5279
5277
5277
5276
5275
5275
5275
5274
5274
5273
5273
5271
5271
5268
5268
5266
5265
5265
5262
5259
5257
5257
5254
5252
5251
5249
5247
5246
5242
5242
5241
5240
5239
5239
5238
5238
5238
5235
5235
5234
5233
5231
5231
5231
5230
5230
5229
5229
5228
5228
5227
5220
5219
5218
5217
5215
5213
5211
5210
5209
5207
5206
5201
5198
5197
5197
5196
5196
5194
5194
5194
5193
5192
5192
5192
5192
5190
5190
5189
5188
5188
5185
5184
5183
5183
5179
5179
5177
5176
5176
5175
5173
5172
5171
5170
5169
5169
5169
5168
5167
5166
5165
5165
5164
5164
5164
5163
5162
5161
5161
5154
5154
5154
5153
5151
5150
5149
5149
5146
5146
5144
5144
5142
5142
5140
5138
5136
5136
5135
5133
5132
5131
5130
5129
5128
5127
5126
5126
5125
5124
5124
5123
5123
5121
5121
5120
5120
5116
5114
5114
5113
5113
5110
5109
5108
5108
5108
5106
5106
5105
5105
5104
5104
5103
5102
5102
5100
5100
5098
5097
5097
5097
5096
5095
5094
5094
5091
5091
5091
5090
5089
5088
5087
5085
5085
5084
5081
5078
5078
5077
5077
5077
5076
5076
5076
5075
5074
5073
5073
5072
5070
5070
5069
5066
5062
5060
5059
5056
5054
5054
5054
5052
5052
5047
5046
5045
5045
5045
5044
5042
5040
5040
5040
5038
5036
5036
5035
5034
5034
5034
5034
5033
5033
5030
5030
5030
5027
5022
5021
5020
5020
5018
5018
5017
5017
5015
5015
5014
5014
5014
5013
5012
5012
5011
5011
5009
5005
5002
5002
5002
5001
5001
5000
5000
5000
4999
4999
4997
4997
4996
4994
4993
4992
4990
4988
4986
4986
4985
4984
4981
4980
4979
4979
4977
4977
4977
4975
4974
4973
4969
4969
4967
4964
4964
4963
4963
4960
4960
4959
4959
4957
4956
4956
4955
4955
4954
4954
4954
4953
4953
4953
4953
4952
4951
4948
4946
4942
4941
4941
4941
4940
4940
4937
4937
4936
4935
4935
4933
4931
4930
4928
4926
4926
4924
4923
4922
4920
4919
4918
4917
4914
4912
4912
4912
4912
4911
4910
4909
4909
4905
4904
4904
4903
4903
4902
4900
4899
4899
4898
4896
4895
4894
4894
4894
4893
4893
4893
4893
4891
4890
4889
4889
4887
4886
4886
4883
4882
4880
4879
4879
4879
4879
4878
4877
4876
4876
4874
4874
4874
4874
4873
4871
4869
4869
4868
4865
4865
4865
4864
4864
4863
4862
4861
4861
4861
4860
4860
4857
4854
4853
4852
4852
4850
4847
4847
4846
4842
4841
4839
4838
4837
4837
4836
4834
4833
4830
4830
4830
4830
4828
4827
4825
4822
4820
4820
4819
4819
4819
4817
4816
4816
4815
4815
4813
4812
4810
4809
4809
4808
4808
4807
4807
4806
4806
4806
4805
4805
4804
4803
4798
4796
4796
4795
4795
4794
4793
4792
4792
4791
4789
4788
4787
4786
4786
4784
4782
4781
4781
4781
4780
4780
4777
4774
4772
4771
4770
4768
4768
4767
4764
4762
4760
4759
4758
4756
4756
4755
4755
4754
4753
4752
4750
4750
4747
4746
4746
4746
4743
4742
4741
4741
4740
4739
4735
4732
4731
4731
4731
4730
4729
4727
4726
4726
4723
4721
4721
4721
4720
4720
4719
4718
4716
4716
4715
4713
4713
4712
4712
4711
4709
4709
4706
4704
4704
4704
4703
4702
4698
4697
4692
4691
4687
4687
4687
4686
4685
4685
4685
4684
4683
4683
4682
4681
4679
4679
4677
4677
4674
4674
4672
4670
4670
4670
4668
4668
4668
4666
4666
4665
4664
4664
4662
4662
4662
4661
4659
4659
4659
4658
4655
4655
4653
4651
4650
4647
4646
4644
4642
4641
4640
4639
4638
4635
4633
4633
4632
4632
4629
4629
4628
4626
4625
4623
4622
4621
4620
4618
4617
4617
4616
4615
4613
4611
4608
4607
4606
4606
4605
4604
4604
4602
4601
4600
4597
4597
4596
4595
4595
4595
4593
4593
4592
4592
4590
4589
4588
4588
4587
4587
4586
4586
4585
4584
4582
4581
4580
4580
4580
4574
4573
4572
4571
4569
4568
4568
4567
4567
4567
4566
4565
4565
4565
4564
4564
4562
4562
4559
4559
4557
4556
4553
4551
4551
4551
4550
4549
4547
4547
4547
4545
4544
4543
4542
4542
4541
4540
4540
4539
4537
4537
4534
4532
4532
4532
4531
4531
4528
4524
4524
4523
4522
4521
4519
4518
4515
4515
4514
4513
4513
4512
4511
4511
4510
4510
4507
4507
4505
4505
4503
4503
4502
4502
4501
4500
4499
4498
4498
4497
4496
4494
4494
4491
4491
4491
4490
4489
4489
4488
4488
4487
4483
4481
4481
4480
4479
4479
4478
4478
4476
4474
4473
4472
4471
4470
4470
4469
4468
4467
4467
4467
4466
4464
4462
4462
4459
4459
4458
4457
4457
4456
4454
4454
4454
4451
4450
4450
4449
4448
4447
4446
4446
4446
4445
4444
4444
4443
4442
4442
4442
4440
4439
4438
4438
4433
4433
4432
4431
4431
4430
4430
4429
4428
4427
4427
4424
4422
4422
4421
4416
4415
4415
4409
4409
4409
4408
4406
4405
4404
4404
4403
4401
4401
4400
4398
4397
4397
4397
4393
4392
4391
4391
4390
4388
4388
4388
4387
4387
4385
4384
4384
4383
4383
4382
4382
4381
4380
4379
4379
4377
4375
4374
4374
4373
4372
4371
4370
4369
4369
4366
4365
4365
4364
4364
4363
4363
4361
4361
4359
4356
4355
4354
4354
4353
4353
4352
4351
4351
4351
4351
4348
4348
4347
4346
4346
4346
4344
4344
4342
4342
4342
4342
4341
4340
4339
4337
4336
4336
4335
4334
4333
4332
4330
4330
4329
4329
4329
4329
4329
4328
4327
4326
4326
4326
4325
4325
4325
4323
4323
4320
4319
4317
4316
4315
4314
4314
4314
4310
4309
4309
4309
4309
4309
4307
4306
4305
4304
4302
4301
4300
4298
4298
4297
4295
4294
4292
4290
4290
4290
4289
4289
4286
4285
4284
4284
4284
4284
4283
4281
4280
4278
4277
4275
4275
4275
4274
4273
4272
4271
4271
4270
4269
4268
4268
4266
4264
4264
4264
4263
4262
4262
4262
4260
4259
4258
4257
4257
4257
4256
4255
4255
4254
4254
4254
4250
4247
4247
4245
4245
4244
4243
4243
4243
4242
4242
4242
4241
4240
4238
4237
4237
4236
4234
4233
4233
4232
4232
4231
4229
4229
4228
4227
4227
4227
4226
4225
4223
4222
4222
4220
4218
4217
4216
4215
4215
4214
4213
4212
4210
4209
4209
4208
4208
4208
4207
4207
4206
4205
4205
4205
4205
4204
4203
4201
4198
4196
4196
4195
4195
4193
4192
4192
4191
4191
4190
4189
4189
4186
4185
4183
4182
4182
4181
4180
4179
4178
4178
4177
4176
4176
4175
4170
4169
4168
4167
4167
4167
4167
4167
4165
4163
4162
4161
4160
4157
4155
4155
4154
4152
4152
4152
4150
4149
4144
4143
4142
4141
4140
4138
4137
4137
4134
4131
4129
4128
4128
4128
4127
4127
4124
4123
4120
4120
4119
4116
4115
4114
4113
4112
4111
4110
4108
4106
4105
4104
4104
4103
4101
4100
4100
4098
4096
4094
4094
4093
4091
4089
4089
4084
4083
4083
4082
4081
4080
4080
4079
4076
4076
4075
4075
4074
4071
4070
4069
4069
4069
4067
4067
4067
4066
4066
4066
4064
4063
4061
4060
4059
4058
4057
4055
4054
4054
4051
4051
4050
4049
4048
4048
4047
4043
4043
4042
4041
4041
4039
4038
4036
4036
4033
4033
4031
4031
4030
4030
4029
4027
4026
4024
4024
4023
4022
4021
4021
4020
4020
4018
4018
4017
4015
4014
4011
4010
4006
4006
4006
4002
4002
4001
4000
3995
3995
3994
3992
3992
3992
3988
3987
3986
3985
3985
3985
3984
3984
3982
3977
3976
3974
3974
3971
3971
3971
3971
3970
3970
3969
3968
3966
3966
3966
3964
3964
3963
3962
3958
3958
3957
3955
3954
3953
3952
3949
3949
3949
3947
3946
3941
3941
3939
3939
3938
3937
3932
3931
3931
3930
3930
3930
3928
3927
3927
3924
3922
3922
3921
3921
3921
3920
3920
3919
3919
3915
3914
3914
3913
3910
3909
3908
3908
3907
3907
3906
3905
3901
3900
3899
3898
3895
3893
3893
3892
3891
3891
3891
3890
3887
3885
3881
3881
3878
3878
3877
3877
3877
3874
3873
3873
3871
3870
3870
3869
3867
3866
3865
3864
3864
3860
3860
3860
3859
3858
3857
3856
3855
3852
3852
3852
3849
3848
3847
3845
3843
3842
3842
3840
3840
3839
3838
3837
3837
3837
3836
3836
3835
3833
3831
3829
3828
3827
3826
3826
3824
3823
3822
3820
3820
3820
3818
3816
3815
3815
3813
3813
3812
3812
3810
3809
3809
3807
3806
3806
3805
3801
3796
3795
3790
3790
3790
3790
3789
3787
3786
3786
3785
3780
3779
3778
3778
3778
3775
3775
3772
3770
3768
3766
3765
3763
3761
3760
3759
3758
3758
3754
3753
3753
3753
3753
3753
3752
3751
3751
3749
3747
3747
3745
3744
3743
3741
3740
3738
3737
3737
3737
3736
3736
3733
3732
3727
3725
3724
3724
3722
3722
3721
3721
3720
3719
3717
3715
3712
3711
3711
3708
3708
3708
3707
3706
3706
3706
3706
3706
3704
3703
3701
3699
3699
3698
3696
3695
3694
3692
3690
3688
3688
3688
3687
3686
3684
3683
3682
3682
3681
3679
3679
3678
3678
3677
3677
3675
3674
3670
3670
3669
3669
3665
3665
3664
3663
3663
3662
3662
3661
3661
3659
3659
3657
3655
3653
3651
3648
3647
3646
3645
3644
3643
3642
3642
3642
3641
3641
3639
3638
3635
3633
3632
3631
3630
3629
3629
3629
3627
3626
3625
3625
3623
3622
3620
3620
3618
3618
3617
3617
3616
3613
3612
3611
3610
3608
3608
3608
3607
3606
3606
3605
3604
3603
3603
3602
3599
3598
3598
3597
3597
3596
3596
3596
3596
3595
3595
3594
3594
3594
3594
3593
3593
3591
3590
3590
3589
3588
3587
3584
3584
3584
3583
3582
3581
3579
3579
3579
3578
3577
3575
3575
3574
3574
3572
3572
3572
3567
3567
3567
3565
3562
3561
3559
3558
3557
3557
3557
3555
3554
3552
3552
3551
3551
3550
3549
3549
3548
3547
3547
3547
3545
3545
3543
3543
3543
3542
3542
3542
3541
3541
3540
3536
3536
3536
3531
3531
3530
3530
3529
3529
3528
3527
3527
3527
3525
3523
3520
3520
3520
3518
3514
3509
3507
3506
3506
3504
3503
3503
3502
3501
3501
3500
3499
3499
3497
3496
3493
3491
3490
3490
3490
3489
3488
3486
3485
3484
3484
3483
3483
3481
3481
3479
3479
3479
3478
3477
3476
3476
3473
3473
3472
3471
3471
3471
3470
3470
3467
3466
3466
3465
3464
3464
3463
3463
3462
3460
3457
3457
3456
3455
3454
3454
3451
3449
3447
3446
3444
3443
3443
3437
3437
3437
3436
3435
3435
3434
3432
3431
3430
3430
3427
3423
3422
3421
3420
3420
3419
3419
3417
3416
3413
3412
3412
3411
3411
3411
3410
3410
3410
3407
3407
3406
3406
3403
3402
3400
3400
3400
3400
3400
3398
3397
3396
3396
3396
3395
3394
3394
3391
3391
3389
3389
3388
3386
3384
3384
3382
3381
3381
3381
3381
3380
3380
3379
3379
3378
3378
3378
3376
3374
3372
3371
3371
3370
3369
3369
3368
3368
3365
3363
3363
3363
3363
3362
3360
3358
3358
3358
3357
3353
3353
3352
3349
3349
3347
3345
3344
3342
3341
3340
3338
3337
3336
3335
3334
3334
3334
3332
3331
3328
3327
3327
3326
3325
3322
3320
3319
3319
3319
3318
3316
3315
3308
3305
3301
3301
3300
3297
3296
3296
3294
3294
3293
3293
3293
3292
3291
3290
3290
3289
3289
3289
3289
3288
3287
3287
3287
3287
3286
3284
3283
3282
3280
3279
3277
3276
3275
3272
3270
3269
3267
3267
3267
3266
3265
3265
3264
3263
3263
3262
3262
3259
3259
3258
3257
3255
3255
3255
3255
3255
3253
3251
3250
3250
3250
3250
3249
3249
3248
3247
3247
3246
3244
3243
3241
3241
3240
3240
3239
3239
3237
3236
3234
3234
3233
3232
3229
3229
3228
3226
3226
3222
3222
3222
3222
3221
3220
3220
3220
3219
3218
3217
3217
3217
3215
3214
3213
3212
3212
3212
3210
3210
3209
3208
3207
3206
3206
3204
3204
3203
3200
3199
3197
3197
3197
3196
3195
3194
3193
3190
3189
3189
3188
3187
3187
3186
3186
3186
3184
3184
3184
3184
3183
3181
3180
3179
3179
3176
3176
3176
3175
3174
3171
3171
3170
3169
3168
3168
3167
3167
3165
3165
3165
3164
3164
3163
3163
3160
3159
3157
3157
3157
3156
3155
3153
3153
3153
3151
3150
3150
3149
3148
3147
3147
3146
3143
3143
3143
3140
3140
3140
3139
3138
3136
3136
3131
3131
3131
3129
3128
3128
3127
3127
3126
3125
3124
3123
3122
3120
3120
3119
3118
3118
3117
3116
3114
3114
3114
3114
3113
3113
3113
3111
3110
3109
3108
3107
3106
3106
3105
3104
3103
3103
3102
3102
3102
3102
3100
3098
3098
3097
3096
3096
3096
3095
3095
3094
3093
3092
3092
3092
3087
3086
3084
3083
3081
3081
3081
3080
3079
3078
3076
3074
3073
3073
3073
3071
3071
3069
3068
3065
3064
3063
3063
3059
3058
3057
3056
3052
3052
3050
3048
3048
3047
3046
3045
3045
3045
3044
3043
3043
3041
3038
3038
3038
3037
3037
3035
3029
3029
3029
3028
3027
3027
3026
3024
3023
3021
3021
3019
3018
3018
3016
3014
3013
3013
3010
3008
3008
3008
3006
3006
3005
3004
3004
3004
3001
3000
2997
2996
2995
2991
2991
2991
2990
2988
2988
2988
2985
2983
2982
2981
2981
2981
2980
2980
2979
2979
2977
2976
2975
2975
2974
2973
2973
2973
2972
2972
2970
2970
2969
2964
2963
2961
2961
2959
2957
2957
2956
2956
2954
2954
2954
2952
2952
2950
2949
2949
2948
2948
2947
2947
2947
2947
2946
2945
2944
2944
2943
2942
2942
2941
2941
2939
2939
2937
2936
2935
2934
2933
2932
2931
2929
2928
2928
2928
2926
2925
2925
2924
2923
2921
2918
2915
2914
2914
2914
2912
2912
2911
2910
2910
2910
2909
2909
2907
2905
2905
2904
2903
2902
2901
2900
2898
2898
2897
2896
2895
2895
2895
2894
2893
2891
2889
2888
2886
2885
2885
2885
2884
2883
2882
2882
2882
2880
2879
2879
2877
2875
2874
2872
2871
2871
2869
2869
2867
2867
2865
2865
2865
2863
2862
2861
2861
2860
2860
2858
2857
2856
2856
2855
2855
2855
2854
2854
2852
2852
2851
2845
2845
2844
2843
2843
2843
2839
2839
2837
2837
2836
2834
2834
2833
2833
2831
2830
2828
2828
2826
2826
2825
2824
2824
2819
2819
2818
2818
2818
2816
2816
2816
2815
2814
2814
2813
2813
2812
2810
2810
2807
2806
2805
2805
2802
2799
2799
2798
2797
2795
2795
2795
2793
2793
2793
2790
2789
2786
2784
2783
2782
2782
2781
2779
2779
2777
2777
2777
2774
2774
2774
2769
2768
2768
2767
2767
2765
2765
2764
2764
2764
2764
2763
2762
2762
2760
2760
2756
2756
2755
2754
2754
2752
2751
2747
2747
2747
2746
2746
2745
2744
2743
2742
2742
2742
2739
2739
2738
2737
2737
2736
2736
2736
2735
2734
2732
2728
2727
2727
2727
2726
2726
2724
2724
2722
2721
2719
2718
2717
2716
2715
2715
2715
2712
2710
2709
2707
2706
2706
2705
2704
2704
2704
2703
2701
2701
2700
2699
2699
2699
2697
2695
2694
2693
2693
2693
2692
2692
2692
2690
2690
2690
2689
2688
2688
2687
2687
2685
2683
2679
2678
2674
2673
2672
2672
2668
2668
2667
2666
2665
2663
2663
2663
2662
2662
2661
2661
2661
2661
2661
2660
2658
2658
2657
2656
2654
2653
2653
2651
2651
2651
2647
2640
2639
2638
2638
2637
2636
2634
2634
2633
2632
2632
2632
2630
2629
2627
2627
2625
2623
2623
2623
2623
2621
2621
2617
2614
2614
2611
2611
2609
2609
2608
2608
2608
2608
2606
2606
2606
2605
2605
2601
2601
2601
2601
2600
2599
2598
2598
2594
2593
2590
2590
2589
2588
2587
2587
2586
2585
2585
2581
2581
2581
2581
2580
2580
2579
2579
2579
2578
2577
2577
2575
2571
2570
2570
2569
2568
2568
2568
2567
2567
2566
2565
2565
2565
2564
2564
2564
2563
2563
2561
2561
2561
2560
2557
2556
2556
2555
2553
2552
2551
2551
2550
2549
2548
2548
2548
2548
2547
2546
2544
2543
2542
2541
2541
2540
2540
2540
2539
2537
2537
2536
2535
2535
2534
2534
2534
2533
2532
2531
2531
2530
2529
2529
2529
2529
2527
2526
2525
2524
2523
2521
2520
2520
2519
2516
2514
2513
2513
2512
2512
2511
2511
2510
2507
2506
2504
2504
2503
2503
2502
2502
2499
2499
2498
2497
2497
2494
2494
2491
2491
2491
2491
2490
2489
2488
2488
2488
2487
2486
2485
2485
2480
2480
2480
2479
2478
2478
2477
2477
2472
2472
2471
2471
2470
2467
2465
2465
2464
2463
2461
2461
2460
2460
2460
2459
2459
2458
2457
2457
2457
2456
2456
2455
2455
2455
2454
2451
2451
2451
2449
2448
2448
2447
2447
2446
2444
2443
2443
2443
2442
2441
2441
2439
2439
2438
2438
2437
2435
2434
2434
2433
2433
2432
2432
2431
2431
2431
2427
2427
2426
2424
2423
2423
2423
2421
2420
2418
2418
2417
2417
2412
2412
2411
2410
2410
2409
2409
2408
2408
2407
2406
2402
2399
2397
2396
2394
2393
2392
2391
2387
2387
2387
2387
2386
2385
2385
2384
2384
2383
2381
2380
2378
2377
2376
2375
2373
2372
2371
2371
2371
2371
2371
2371
2370
2369
2369
2369
2367
2367
2366
2366
2360
2359
2359
2358
2356
2356
2355
2355
2354
2354
2352
2351
2349
2347
2347
2345
2343
2341
2340
2337
2336
2336
2335
2333
2333
2332
2330
2330
2329
2327
2327
2326
2325
2325
2323
2322
2321
2319
2319
2319
2318
2317
2316
2316
2314
2313
2313
2312
2311
2311
2310
2310
2308
2306
2306
2306
2305
2305
2305
2304
2304
2303
2303
2303
2303
2299
2299
2298
2297
2296
2295
2294
2294
2293
2292
2292
2292
2289
2287
2287
2285
2284
2284
2283
2283
2282
2282
2281
2280
2280
2280
2278
2277
2277
2275
2275
2274
2273
2271
2267
2263
2263
2262
2261
2261
2261
2260
2260
2258
2255
2255
2254
2253
2252
2252
2250
2249
2246
2243
2242
2242
2241
2240
2232
2232
2232
2231
2230
2229
2228
2227
2225
2222
2222
2221
2221
2220
2220
2219
2219
2218
2218
2216
2214
2214
2213
2211
2209
2209
2205
2205
2205
2204
2203
2202
2202
2200
2199
2197
2194
2193
2192
2192
2190
2188
2185
2183
2183
2183
2182
2181
2179
2177
2176
2175
2170
2170
2168
2166
2166
2164
2163
2163
2162
2162
2161
2160
2159
2158
2157
2156
2156
2156
2154
2154
2153
2153
2153
2153
2150
2147
2146
2146
2145
2145
2143
2143
2143
2143
2141
2138
2137
2134
2134
2133
2132
2131
2130
2130
2129
2129
2128
2125
2124
2124
2123
2123
2121
2121
2120
2118
2118
2118
2117
2117
2117
2116
2114
2113
2113
2113
2111
2111
2108
2107
2106
2105
2105
2105
2104
2104
2104
2103
2103
2102
2099
2099
2099
2096
2094
2093
2093
2092
2092
2091
2091
2090
2090
2089
2089
2089
2088
2088
2087
2086
2086
2086
2085
2083
2083
2083
2080
2079
2078
2078
2075
2074
2073
2073
2073
2073
2071
2071
2070
2070
2069
2069
2069
2069
2068
2067
2066
2065
2064
2062
2062
2062
2062
2061
2061
2061
2060
2059
2059
2058
2058
2057
2054
2054
2054
2051
2050
2050
2050
2049
2049
2049
2044
2044
2043
2042
2042
2041
2041
2041
2041
2038
2036
2035
2035
2035
2034
2034
2033
2031
2029
2029
2028
2026
2023
2023
2023
2022
2020
2019
2019
2017
2016
2016
2016
2014
2012
2011
2011
2010
2009
2008
2006
2004
2002
2001
2000
2000
1999
1999
1998
1997
1996
1993
1992
1989
1988
1987
1986
1985
1984
1983
1983
1983
1977
1976
1975
1975
1974
1973
1973
1972
1972
1970
1970
1969
1967
1967
1965
1965
1964
1963
1961
1959
1959
1959
1958
1957
1956
1955
1955
1954
1954
1953
1951
1950
1946
1945
1944
1942
1942
1940
1940
1940
1939
1939
1939
1939
1937
1932
1928
1925
1923
1922
1920
1918
1917
1915
1914
1914
1914
1911
1910
1908
1908
1908
1907
1907
1906
1906
1905
1904
1904
1904
1904
1903
1901
1900
1900
1899
1898
1896
1894
1894
1893
1893
1892
1891
1890
1887
1887
1885
1884
1883
1882
1882
1881
1879
1878
1876
1875
1875
1875
1875
1872
1872
1871
1871
1870
1867
1866
1864
1863
1863
1861
1860
1860
1858
1858
1857
1856
1856
1856
1854
1853
1853
1852
1852
1850
1849
1849
1849
1848
1846
1845
1844
1843
1838
1837
1835
1835
1834
1833
1832
1832
1832
1830
1830
1827
1827
1827
1826
1823
1822
1821
1818
1818
1818
1818
1818
1817
1817
1817
1816
1815
1815
1814
1814
1813
1811
1810
1808
1807
1807
1806
1806
1804
1804
1803
1801
1799
1798
1798
1797
1795
1795
1794
1794
1794
1794
1794
1792
1792
1792
1791
1791
1790
1790
1789
1789
1786
1785
1784
1784
1784
1784
1783
1782
1782
1780
1778
1778
1775
1775
1775
1774
1774
1771
1769
1767
1767
1765
1765
1765
1765
1763
1763
1763
1762
1761
1760
1759
1759
1757
1757
1755
1754
1753
1753
1751
1748
1746
1745
1745
1743
1740
1740
1740
1740
1739
1739
1736
1736
1735
1735
1733
1733
1732
1732
1729
1726
1726
1726
1725
1725
1725
1725
1724
1723
1722
1718
1716
1715
1714
1712
1712
1711
1711
1709
1709
1708
1706
1704
1704
1703
1702
1702
1700
1699
1696
1694
1693
1690
1690
1689
1688
1686
1685
1682
1682
1682
1682
1682
1681
1681
1680
1679
1678
1677
1677
1676
1676
1675
1674
1673
1671
1670
1669
1669
1668
1667
1666
1664
1661
1661
1661
1659
1659
1655
1654
1653
1652
1652
1651
1650
1650
1650
1649
1649
1649
1649
1648
1646
1645
1645
1645
1643
1643
1642
1642
1642
1640
1639
1638
1635
1634
1633
1633
1632
1631
1631
1631
1631
1630
1629
1629
1626
1626
1625
1624
1624
1624
1623
1622
1619
1618
1616
1615
1610
1608
1608
1607
1605
1604
1603
1603
1603
1601
1600
1599
1597
1595
1594
1593
1591
1591
1591
1590
1588
1588
1586
1586
1586
1586
1585
1584
1584
1584
1583
1583
1583
1582
1579
1578
1578
1578
1576
1576
1575
1575
1575
1575
1575
1575
1575
1574
1572
1568
1565
1564
1563
1562
1560
1558
1558
1558
1556
1553
1553
1553
1552
1551
1551
1550
1550
1548
1545
1544
1544
1543
1543
1543
1540
1540
1538
1536
1536
1536
1535
1534
1532
1532
1531
1531
1530
1530
1529
1526
1525
1523
1522
1519
1519
1517
1515
1513
1511
1510
1509
1509
1509
1508
1503
1502
1500
1499
1498
1498
1496
1495
1495
1495
1494
1493
1493
1489
1488
1488
1486
1485
1484
1483
1482
1482
1481
1480
1477
1477
1477
1477
1477
1476
1475
1474
1474
1472
1471
1470
1468
1467
1467
1463
1462
1461
1461
1461
1460
1459
1458
1457
1457
1456
1455
1453
1452
1450
1449
1448
1448
1447
1446
1445
1443
1443
1442
1440
1438
1438
1437
1437
1436
1436
1434
1434
1431
1430
1430
1430
1429
1429
1429
1426
1425
1423
1423
1422
1421
1421
1419
1418
1417
1417
1416
1416
1413
1413
1410
1410
1408
1408
1407
1404
1404
1404
1404
1403
1403
1403
1402
1402
1400
1399
1396
1396
1395
1394
1393
1393
1392
1391
1390
1389
1389
1389
1389
1388
1388
1388
1387
1385
1384
1384
1383
1380
1377
1376
1375
1374
1374
1374
1372
1372
1370
1369
1367
1367
1364
1364
1363
1361
1359
1359
1358
1358
1358
1357
1357
1357
1356
1355
1355
1354
1354
1353
1350
1349
1348
1346
1346
1345
1344
1341
1340
1339
1336
1336
1336
1335
1333
1333
1329
1328
1328
1326
1325
1324
1323
1322
1320
1319
1319
1317
1317
1317
1313
1309
1306
1305
1304
1304
1303
1301
1300
1299
1297
1296
1296
1292
1288
1286
1286
1284
1284
1283
1283
1283
1283
1283
1281
1279
1277
1276
1273
1269
1268
1268
1268
1268
1265
1264
1262
1261
1261
1257
1256
1255
1254
1253
1252
1251
1251
1250
1249
1249
1248
1246
1245
1244
1243
1240
1240
1240
1238
1236
1236
1234
1233
1233
1232
1232
1230
1229
1226
1226
1225
1224
1224
1223
1221
1221
1220
1218
1218
1218
1217
1217
1216
1215
1215
1213
1212
1212
1212
1212
1210
1210
1210
1209
1208
1208
1207
1207
1205
1204
1204
1203
1201
1200
1198
1198
1197
1196
1196
1193
1192
1191
1189
1187
1186
1186
1186
1186
1185
1185
1185
1184
1183
1183
1182
1182
1181
1176
1176
1175
1175
1174
1174
1173
1172
1172
1172
1171
1170
1168
1166
1166
1166
1166
1164
1163
1161
1159
1159
1159
1158
1158
1158
1157
1157
1156
1156
1156
1155
1154
1154
1153
1150
1149
1149
1149
1148
1148
1147
1146
1145
1144
1143
1141
1141
1141
1141
1139
1137
1136
1133
1131
1131
1129
1129
1127
1127
1126
1125
1124
1122
1121
1119
1118
1117
1114
1114
1111
1109
1108
1107
1106
1105
1101
1100
1099
1098
1097
1095
1095
1095
1093
1090
1089
1089
1086
1083
1082
1081
1081
1080
1079
1078
1077
1075
1074
1072
1071
1071
1071
1070
1070
1068
1067
1066
1066
1064
1064
1064
1063
1059
1058
1058
1057
1055
1055
1053
1053
1052
1052
1051
1051
1051
1051
1051
1050
1050
1049
1048
1047
1047
1047
1047
1045
1043
1042
1041
1039
1038
1038
1037
1037
1036
1035
1035
1035
1035
1035
1034
1034
1034
1034
1032
1030
1026
1026
1026
1026
1024
1023
1021
1021
1021
1020
1019
1018
1017
1016
1016
1016
1015
1015
1012
1010
1009
1007
1007
1006
1006
1002
1001
1000
1000
999
999
998
997
996
994
994
989
989
989
989
989
988
988
987
986
983
982
982
981
980
979
978
978
977
977
977
976
974
973
973
973
973
971
970
970
970
970
970
969
968
968
967
967
965
965
964
964
961
961
960
960
960
959
959
959
958
957
957
957
956
955
955
954
952
950
949
948
948
946
946
946
945
940
936
936
935
933
932
931
931
931
931
930
929
928
928
924
924
924
924
924
924
923
922
922
921
921
921
920
919
919
918
918
917
917
917
913
913
912
912
911
910
910
910
909
908
908
906
902
901
900
900
900
900
899
898
896
895
894
893
893
893
891
890
889
888
887
887
886
885
884
883
883
882
882
880
880
879
879
878
878
878
877
876
876
875
875
874
874
870
870
870
868
865
864
863
861
861
858
857
856
854
854
853
853
853
853
852
852
851
850
849
848
847
847
847
846
846
846
845
845
845
844
842
842
840
840
839
839
837
836
836
836
833
833
832
831
831
830
829
828
828
828
825
824
824
823
822
822
821
820
819
819
819
818
818
817
816
816
815
815
813
813
811
810
810
809
809
808
808
807
807
807
807
806
806
805
804
804
804
802
799
799
797
796
793
790
790
789
789
788
786
786
786
781
781
781
780
778
777
776
776
775
773
770
769
768
767
767
766
765
765
764
764
764
763
763
761
761
761
760
760
759
757
757
757
755
754
754
752
752
752
751
750
749
748
746
744
744
743
742
742
742
740
739
738
735
734
734
733
733
733
732
730
729
728
727
727
727
726
726
724
724
724
723
722
720
718
716
716
715
714
713
712
711
711
710
709
708
705
705
705
704
702
701
701
700
699
699
698
697
696
696
696
694
693
693
693
692
690
689
689
688
688
688
687
687
686
685
682
682
681
680
679
678
677
676
676
675
675
674
674
673
672
671
669
669
668
668
667
665
665
664
664
661
660
659
659
659
659
656
654
654
650
649
648
648
647
647
645
644
643
641
641
640
640
638
637
636
635
632
632
628
627
625
625
625
624
623
621
621
620
620
619
619
619
613
612
611
611
611
610
610
609
607
607
606
605
605
603
602
602
600
599
599
599
598
597
596
596
595
594
593
592
591
587
587
586
584
583
582
581
578
578
577
577
576
576
574
571
569
569
568
568
568
568
568
565
564
563
562
562
560
559
555
554
554
554
554
552
550
550
550
549
549
548
548
547
546
546
545
544
544
543
540
540
539
537
535
535
535
533
532
532
531
531
529
528
527
526
526
525
524
523
523
521
521
521
519
519
517
517
516
516
516
516
515
514
514
513
512
510
509
508
507
506
506
505
504
504
504
503
501
501
500
500
499
499
497
497
497
496
496
496
495
495
493
493
491
490
490
490
490
489
488
488
487
486
486
485
484
484
482
478
477
477
472
472
471
471
470
470
469
469
469
468
467
467
466
466
466
465
462
461
461
460
460
460
459
459
459
459
457
457
456
455
455
455
455
453
453
452
450
449
447
446
445
445
445
444
444
444
441
440
440
439
438
437
437
437
434
433
430
430
426
425
425
424
424
423
422
422
422
419
418
418
418
411
411
411
410
410
407
406
406
405
405
402
402
402
401
401
400
399
398
396
395
395
394
393
392
390
390
389
388
388
385
385
385
384
384
384
384
383
383
382
380
378
378
377
376
375
374
372
372
371
370
369
369
369
368
365
364
360
359
359
358
357
357
357
356
355
355
352
352
352
351
348
346
345
344
344
342
342
342
341
341
340
339
339
337
337
336
336
335
334
332
331
329
329
328
328
326
323
322
322
320
319
317
316
311
310
310
309
308
308
307
307
306
305
305
303
302
301
298
296
295
295
295
294
294
292
292
289
289
289
288
287
287
286
286
286
285
285
285
285
280
279
279
275
275
274
274
273
272
272
270
269
268
267
266
265
264
262
262
261
261
261
259
259
259
258
257
255
255
255
255
254
249
249
248
248
244
244
242
242
241
239
238
237
236
235
233
231
230
228
226
225
223
223
222
221
220
220
220
218
217
215
215
215
214
214
213
212
211
211
210
210
209
208
207
206
206
206
206
204
204
202
199
199
199
198
197
197
190
189
188
188
187
187
186
185
184
184
183
180
180
179
178
177
172
172
169
169
168
168
167
167
166
166
164
164
164
164
163
159
158
158
158
156
156
154
154
154
154
153
153
151
149
148
145
144
144
144
142
141
139
138
137
136
136
135
134
133
133
132
131
128
127
126
126
125
124
123
122
120
120
119
119
113
113
112
110
109
108
108
107
105
104
103
103
102
101
101
99
98
98
97
96
95
95
91
90
90
90
89
86
86
86
85
84
84
83
83
82
81
80
79
78
77
76
76
75
75
75
73
71
71
71
70
70
69
67
67
67
65
65
62
62
59
59
59
58
58
57
56
55
55
54
54
54
53
50
49
47
47
46
44
44
43
42
41
41
40
40
36
36
35
34
33
33
31
30
29
28
27
26
25
24
23
23
22
22
21
20
18
18
17
17
15
13
13
13
13
11
10
7
6
4
4
3
2
1
0
