999
999
997
995
994
994
994
994
993
985
985
984
983
982
980
980
979
978
975
973
973
972
972
972
972
970
969
968
968
967
964
964
964
964
963
963
962
962
960
958
954
953
952
951
949
947
947
944
942
942
942
942
936
934
933
929
929
927
926
924
924
924
922
922
921
920
918
916
914
914
913
907
906
906
905
903
903
903
901
901
898
898
898
897
897
897
895
895
894
894
892
891
891
890
890
890
889
888
888
888
888
887
887
886
885
885
884
883
883
882
882
881
880
880
880
879
879
879
878
878
876
875
873
873
872
871
871
871
869
869
869
869
868
867
867
866
866
866
865
865
865
864
863
862
862
861
861
860
857
857
857
856
856
854
854
853
852
851
851
850
850
849
849
848
846
845
844
843
842
842
842
839
839
838
838
837
836
836
836
833
832
832
831
829
828
827
827
827
826
826
826
824
823
822
821
819
819
819
817
817
817
815
815
812
811
811
810
805
804
801
801
800
799
799
797
796
796
795
793
793
793
792
789
789
789
789
788
787
787
786
784
782
781
779
779
779
778
778
778
777
777
776
776
774
773
773
773
770
769
768
767
766
766
766
765
763
762
761
758
758
758
757
755
753
753
751
751
750
750
750
749
749
749
749
748
747
747
744
743
742
739
739
736
736
735
735
728
725
723
722
722
718
717
717
716
716
716
715
715
714
714
714
710
706
705
705
704
704
704
703
703
702
701
701
699
698
698
697
696
696
695
695
695
694
694
692
691
691
690
690
686
685
684
683
683
681
679
678
678
677
675
675
674
670
668
668
667
667
667
666
665
664
662
661
660
658
656
656
656
655
654
653
652
651
650
650
649
648
647
647
644
644
644
644
642
642
642
641
640
639
637
637
636
635
635
633
633
633
633
632
631
631
631
631
631
630
629
628
627
627
626
625
625
624
624
624
624
623
623
623
623
622
621
620
619
619
618
617
617
616
616
615
613
613
613
612
610
610
609
608
607
606
604
604
604
604
599
599
594
593
592
592
591
591
591
589
589
589
586
584
584
584
584
583
582
580
570
570
569
569
568
568
568
567
567
565
564
563
563
563
562
562
560
559
556
555
553
552
551
551
549
546
546
545
545
542
542
542
542
541
541
541
540
539
539
538
537
537
535
535
533
533
532
531
531
531
529
528
528
526
526
526
525
522
521
521
516
513
513
513
510
508
508
500
498
497
497
496
495
495
495
494
494
494
491
491
490
490
489
488
487
487
485
484
483
482
482
481
479
479
476
475
474
474
472
472
472
471
470
470
469
469
467
466
465
462
462
461
461
461
460
460
459
457
457
455
454
454
453
453
451
451
449
446
446
446
444
444
442
442
440
439
438
437
437
436
436
435
433
432
432
432
431
429
428
426
425
425
424
424
424
424
423
422
422
420
420
419
419
417
415
414
413
413
406
406
406
406
405
405
403
402
402
402
401
400
400
400
399
399
399
396
396
395
393
393
392
392
392
391
390
389
387
386
385
385
383
381
379
375
373
373
373
372
371
371
369
366
366
364
361
361
361
359
356
351
351
350
350
349
346
345
344
344
343
343
342
342
338
338
337
336
336
336
335
332
332
331
329
329
328
326
323
322
321
319
319
318
318
318
317
317
316
314
312
310
309
309
307
306
304
303
299
295
294
293
292
289
287
287
286
283
282
280
278
277
277
275
275
274
273
273
270
269
268
267
265
265
264
263
262
262
262
258
258
257
255
255
255
254
253
250
250
248
247
247
246
242
238
238
237
236
236
235
235
235
234
234
230
230
229
228
227
227
227
227
227
225
224
222
222
222
221
221
221
221
220
220
217
216
216
216
216
216
213
212
212
212
211
210
208
205
205
204
203
203
202
198
196
194
194
193
193
192
191
189
189
188
187
186
185
185
185
184
181
181
180
179
179
175
173
172
171
169
168
166
165
164
163
161
160
160
158
158
156
155
154
152
151
150
149
149
147
146
144
143
143
135
135
134
133
133
133
133
132
130
121
120
118
115
115
113
110
110
109
109
108
107
107
107
107
105
104
102
102
102
101
101
101
99
99
99
98
97
97
96
96
94
94
94
92
90
88
86
85
84
83
82
82
80
80
79
79
78
77
77
76
74
73
73
73
73
71
70
70
69
66
66
66
66
65
61
61
61
60
59
57
57
55
55
55
53
52
52
51
50
47
47
46
46
46
46
45
43
42
38
37
35
32
32
32
31
31
28
25
25
25
24
23
22
21
19
16
16
15
15
13
13
13
9
9
9
9
5
3
2
2
1
0
0
